200,'Saturday-01',640,,5237,25,,,0,70,,5238,25,,,0,30,,5239,25,,,0,70,,5240,25,,,0,30,,5241,25,,,0,70,,5242,25,,,0,30,,5243,25,,,0,70,,5244,25,,,0,30,,5245,25,,,0,70,,5246,25,,,0,30,,5247,25,,,0,70,,5248,25,,,0,30,,5249,25,,,0,70,,5250,25,,,0,30,,5251,25,,,0,70,,5252,25,,,0,30,,5253,25,,,0,70,,5254,25,,,0,30,,5255,25,,,0,70,,5256,25,,,0,30,,5257,25,,,0,70,,5258,25,,,0,30,,5259,25,,,0,70,,5260,25,,,0,30,,5261,25,,,0,70,,5262,25,,,0,30,,5264,25,,,0,70,,5265,25,,,0,30,,5266,25,,,0,70,,5267,25,,,0,100,,5268,25,,,0,100,,5269,25,,,0,100,,5270,25,,,0
200,'Sunday-01',826,,5271,25,,,0,30,,5272,25,,,0,70,,5273,25,,,0,30,,5274,25,,,0,70,,5275,25,,,0,30,,5276,25,,,0,70,,5277,25,,,0,30,,5278,25,,,0,70,,5279,25,,,0,30,,5280,25,,,0,70,,5281,25,,,0,30,,5282,25,,,0,70,,5283,25,,,0,30,,5284,25,,,0,70,,5285,25,,,0,30,,5286,25,,,0,70,,5287,25,,,0,30,,5288,25,,,0,70,,5289,25,,,0
200,'Weekday-01',610,,5291,25,,,0,30,,5290,25,,,0,15,,5331,25,,,0,55,,5294,25,,,0,15,,5295,25,,,0,15,,5296,25,,,0,15,,5297,25,,,0,55,,5292,25,,,0,15,,5293,25,,,0,30,,5298,25,,,0,70,,5299,25,,,0,20,,5322,25,,,0,70,,5303,25,,,0,30,,5304,25,,,0,70,,5305,25,,,0,30,,5306,25,,,0,70,,5307,25,,,0,30,,5308,25,,,0,70,,5309,25,,,0,30,,5300,25,,,0,70,,5301,25,,,0,25,,5302,25,,,0,65,,5310,25,,,0,20,,5311,25,,,0,15,,5312,25,,,0,15,,5313,25,,,0,55,,5314,25,,,0,15,,5315,25,,,0,15,,5316,25,,,0,15,,5317,25,,,0,55,,5318,25,,,0,30,,5323,25,,,0,70,,5324,25,,,0,30,,5325,25,,,0,70,,5326,25,,,0,30,,5327,25,,,0,70,,5319,25,,,0,30,,5320,25,,,0,70,,5321,25,,,0,30,,5332,25,,,0,70,,5328,25,,,0,30,,5333,25,,,0,70,,5329,25,,,0,30,,5334,25,,,0,70,,5330,25,,,0
300,'Saturday-01',640,,5453,35,,,0,70,,5436,35,,,0,30,,5437,35,,,0,70,,5438,35,,,0,30,,5439,35,,,0,70,,5440,35,,,0,30,,5441,35,,,0,70,,5442,35,,,0,30,,5443,35,,,0,70,,5454,35,,,0,30,,5444,35,,,0,70,,5455,35,,,0,30,,5456,35,,,0,70,,5457,35,,,0,30,,5458,35,,,0,70,,5445,35,,,0,30,,5446,35,,,0,70,,5459,35,,,0,30,,5447,35,,,0,70,,5448,35,,,0,30,,5449,35,,,0,70,,5450,35,,,0,30,,5460,35,,,0,71,,5461,35,,,0,30,,5451,35,,,0,70,,5462,35,,,0,30,,5452,35,,,0,70,,5463,35,,,0,30,,5467,35,,,0,70,,5464,35,,,0,100,,5465,35,,,0,100,,5466,35,,,0,100,,5468,35,,,0
300,'Sunday-01',825,,5469,35,,,0,30,,5470,35,,,0,70,,5471,35,,,0,30,,5472,35,,,0,70,,5473,35,,,0,30,,5474,35,,,0,70,,5475,35,,,0,30,,5476,35,,,0,70,,5477,35,,,0,30,,5478,35,,,0,70,,5479,35,,,0,30,,5480,35,,,0,70,,5481,35,,,0,30,,5482,35,,,0,70,,5483,35,,,0,30,,5484,35,,,0,70,,5485,35,,,0,30,,5486,35,,,0,70,,5487,35,,,0,30,,5488,35,,,0,70,,5489,35,,,0
300,'Weekday-01',610,,5490,35,,,0,30,,5491,35,,,0,15,,5492,35,,,0,55,,5493,35,,,0,15,,5494,35,,,0,15,,5495,35,,,0,15,,5496,35,,,0,55,,5497,35,,,0,15,,5498,35,,,0,15,,5499,35,,,0,70,,5500,35,,,0,30,,5501,35,,,0,70,,5502,35,,,0,30,,5503,35,,,0,70,,5504,35,,,0,30,,5505,35,,,0,70,,5506,35,,,0,30,,5507,35,,,0,70,,5508,35,,,0,30,,5509,35,,,0,70,,5510,35,,,0,30,,5511,35,,,0,70,,5512,35,,,0,30,,5513,35,,,0,16,,5514,35,,,0,54,,5515,35,,,0,15,,5516,35,,,0,15,,5517,35,,,0,15,,5518,35,,,0,55,,5519,35,,,0,30,,5520,35,,,0,70,,5521,35,,,0,31,,5522,35,,,0,70,,5523,35,,,0,30,,5524,35,,,0,70,,5525,35,,,0,30,,5530,35,,,0,70,,5529,35,,,0,100,,5526,35,,,0,100,,5527,35,,,0,100,,5528,35,,,0
400,'Saturday-01',637,,5629,38,,,0,75,,5628,38,,,0,35,,5627,38,,,0,75,,5626,38,,,0,35,,5653,38,,,0,75,,5654,38,,,0,75,,5648,38,,,0,35,,5647,38,,,0,75,,5646,38,,,0,35,,5645,38,,,0,75,,5644,38,,,0,75,,5650,38,,,0,35,,5643,38,,,0,75,,5642,38,,,0,35,,5649,38,,,0,75,,5641,38,,,0,35,,5651,38,,,0,75,,5630,38,,,0,75,,5634,38,,,0,35,,5652,38,,,0,75,,5640,38,,,0,35,,5633,38,,,0,75,,5639,38,,,0,75,,5631,38,,,0,35,,5636,38,,,0,70,,5638,38,,,0,100,,5635,38,,,0,100,,5637,38,,,0,100,,5632,38,,,0
400,'Sunday-01',822,,5655,38,,,0,35,,5656,38,,,0,75,,5665,38,,,0,75,,5662,38,,,0,35,,5672,38,,,0,75,,5657,38,,,0,35,,5671,38,,,0,75,,5664,38,,,0,75,,5670,38,,,0,35,,5658,38,,,0,75,,5669,38,,,0,35,,5661,38,,,0,75,,5668,38,,,0,35,,5659,38,,,0,75,,5667,38,,,0,75,,5663,38,,,0,35,,5666,38,,,0,80,,5660,38,,,0
400,'Weekday-01',606,,5673,38,,,0,30,,5674,38,,,0,70,,5675,38,,,0,30,,5676,38,,,0,70,,5677,38,,,0,30,,5678,38,,,0,70,,5679,38,,,0,30,,5680,38,,,0,70,,5681,38,,,0,30,,5682,38,,,0,70,,5683,38,,,0,30,,5684,38,,,0,70,,5685,38,,,0,30,,5686,38,,,0,70,,5687,38,,,0,30,,5688,38,,,0,70,,5689,38,,,0,30,,5690,38,,,0,70,,5691,38,,,0,30,,5692,38,,,0,70,,5693,38,,,0,30,,5694,38,,,0,70,,5695,38,,,0,30,,5696,38,,,0,71,,5697,38,,,0,30,,5698,38,,,0,70,,5699,38,,,0,30,,5700,38,,,0,72,,5701,38,,,0,30,,5702,38,,,0,70,,5703,38,,,0,100,,5704,38,,,0,100,,5705,38,,,0,100,,5706,38,,,0
501,'Saturday-01',649,,5818,34,,,0,100,,5819,34,,,0,100,,5820,34,,,0,100,,5821,34,,,0,100,,5822,34,,,0,100,,5823,34,,,0,100,,5824,34,,,0,100,,5825,34,,,0,100,,5826,34,,,0,100,,5827,34,,,0,101,,5828,34,,,0,100,,5829,34,,,0
501,'Weekday-01',600,,5832,34,,,0,30,,5833,34,,,0,70,,5836,34,,,0,30,,5837,34,,,0,70,,5838,34,,,0,34,,5834,38,,,0,66,,5839,34,,,0,50,,5840,34,,,0,100,,5841,34,,,0,100,,5842,34,,,0,100,,5843,34,,,0,100,,5844,34,,,0,100,,5845,34,,,0,150,,5846,34,,,0,30,,5835,34,,,0,70,,5847,34,,,0,30,,5848,34,,,0
