400,'Saturday-01',714,,5629,78,4,,0,35,,5628,78,4,,0,75,,5627,78,4,,0,35,,5626,78,4,,0,75,,5653,78,4,,0,75,,5654,78,4,,0,35,,5648,78,4,,0,75,,5647,78,4,,0,35,,5646,78,4,,0,75,,5645,78,4,,0,75,,5644,78,4,,0,35,,5650,78,4,,0,75,,5643,78,4,,0,35,,5642,78,4,,0,75,,5649,78,4,,0,35,,5641,78,4,,0,75,,5651,78,4,,0,75,,5630,78,4,,0,35,,5634,78,4,,0,75,,5652,78,4,,0,35,,5640,78,4,,0,75,,5633,78,4,,0,75,,5639,78,4,,0,35,,5631,78,4,,0,75,,5636,78,4,,0,26,,5638,78,4,,0,100,,5635,78,4,,0,100,,5637,78,4,,0,100,,5632,78,4,,0
400,'Sunday-01',859,,5655,78,4,,0,75,,5656,78,4,,0,75,,5665,78,4,,0,35,,5662,78,4,,0,75,,5672,78,4,,0,35,,5657,78,4,,0,75,,5671,78,4,,0,75,,5664,78,4,,0,35,,5670,78,4,,0,75,,5658,78,4,,0,35,,5669,78,4,,0,75,,5661,78,4,,0,35,,5668,78,4,,0,75,,5659,78,4,,0,75,,5667,78,4,,0,35,,5663,78,4,,0,75,,5666,78,4,,0,40,,5660,78,4,,0
400,'Weekday-01',642,,5673,78,4,,0,70,,5674,78,4,,0,30,,5675,78,4,,0,70,,5676,78,4,,0,30,,5677,78,4,,0,70,,5678,78,4,,0,30,,5679,78,4,,0,70,,5680,78,4,,0,30,,5681,78,4,,0,70,,5682,78,4,,0,30,,5683,78,4,,0,70,,5684,78,4,,0,30,,5685,78,4,,0,70,,5686,78,4,,0,30,,5687,78,4,,0,70,,5688,78,4,,0,30,,5689,78,4,,0,70,,5690,78,4,,0,30,,5691,78,4,,0,70,,5692,78,4,,0,30,,5693,78,4,,0,70,,5694,78,4,,0,30,,5695,78,4,,0,70,,5696,78,4,,0,33,,5697,78,4,,0,65,,5698,78,4,,0,30,,5699,78,4,,0,70,,5700,78,4,,0,30,,5701,78,4,,0,70,,5702,78,4,,0,30,,5703,78,4,,0,100,,5704,78,4,,0,100,,5705,78,4,,0,100,,5706,78,4,,0
401,'Saturday-01',610,,5708,1,,,0,35,,5707,1,,,0,75,,5709,1,,,0,35,,5710,1,,,0,75,,5711,1,,,0,75,,5712,1,,,0,35,,5713,1,,,0,75,,5714,1,,,0,35,,5715,1,,,0,75,,5716,1,,,0,75,,5717,1,,,0,35,,5718,1,,,0,75,,5719,1,,,0,35,,5720,1,,,0,75,,5721,1,,,0,35,,5722,1,,,0,75,,5723,1,,,0,75,,5724,1,,,0,35,,5725,1,,,0,75,,5726,1,,,0,35,,5727,1,,,0,75,,5728,1,,,0,75,,5729,1,,,0,35,,5730,1,,,0,75,,5731,1,,,0,35,,5732,1,,,0,100,,5733,1,,,0,100,,5734,1,,,0,100,,5735,1,,,0
401,'Sunday-01',759,,5736,1,,,0,70,,5737,1,,,0,75,,5738,1,,,0,35,,5739,1,,,0,75,,5740,1,,,0,35,,5741,1,,,0,75,,5742,1,,,0,35,,5743,1,,,0,75,,5744,1,,,0,75,,5745,1,,,0,35,,5746,1,,,0,75,,5747,1,,,0,35,,5748,1,,,0,75,,5749,1,,,0,75,,5750,1,,,0,35,,5751,1,,,0,75,,5752,1,,,0,41,,5753,1,,,0
401,'Weekday-01',517,,5754,1,,,0,30,,5755,1,,,0,70,,5756,1,,,0,30,,5757,1,,,0,70,,5758,1,,,0,30,,5759,1,,,0,70,,5760,1,,,0,30,,5761,1,,,0,70,,5762,1,,,0,30,,5763,1,,,0,70,,5764,1,,,0,30,,5765,1,,,0,70,,5766,1,,,0,30,,5767,1,,,0,70,,5768,1,,,0,30,,5769,1,,,0,70,,5770,1,,,0,30,,5771,1,,,0,70,,5772,1,,,0,30,,5773,1,,,0,70,,5774,1,,,0,30,,5775,1,,,0,70,,5776,1,,,0,30,,5777,1,,,0,70,,5778,1,,,0,29,,5779,1,,,0,99,,5780,1,,,0,65,,5781,1,,,0,30,,5782,1,,,0,70,,5783,1,,,0,35,,5784,1,,,0,100,,5785,1,,,0,100,,5786,1,,,0,100,,5787,1,,,0
700,'Saturday-01',625,,5877,22,,,0,100,,5878,22,,,0,30,,5879,22,,,0,70,,5880,22,,,0,30,,5881,22,,,0,70,,5882,22,,,0,30,,5883,22,,,0,70,,5884,22,,,0,30,,5885,22,,,0,70,,5886,22,,,0,30,,5887,22,,,0,70,,5888,22,,,0,30,,5889,22,,,0,70,,5890,22,,,0,30,,5891,22,,,0,70,,5892,22,,,0,30,,5893,22,,,0,70,,5894,22,,,0,30,,5895,22,,,0,70,,5896,22,,,0,30,,5897,22,,,0,70,,5898,22,,,0,30,,5899,22,,,0,85,,5900,22,,,0,85,,5901,22,,,0,30,,5902,22,,,0,101,,5903,22,,,0,100,,5904,22,,,0,100,,5905,22,,,0,100,,5906,22,,,0
700,'Sunday-01',825,,5917,22,,,0,30,,5918,22,,,0,70,,5919,22,,,0,30,,5920,22,,,0,70,,5921,22,,,0,30,,5922,22,,,0,70,,5923,22,,,0,30,,5924,22,,,0,70,,5925,22,,,0,30,,5926,22,,,0,70,,5916,22,,,0,30,,5912,22,,,0,70,,5907,22,,,0,30,,5908,22,,,0,70,,5909,22,,,0,30,,5910,22,,,0,70,,5911,22,,,0,30,,5913,22,,,0,70,,5914,22,,,0,30,,5915,22,,,0
700,'Weekday-01',555,,5927,22,,,0,70,,5928,22,,,0,15,,5929,22,0,7,0,15,,5930,22,,,0,55,,5931,22,,,0,15,,5932,22,,,0,15,,5933,22,,,0,15,,5934,22,,,0,55,,5935,22,,,0,15,,5936,22,,,0,15,,5937,22,,,0,15,,5938,22,,,0,70,,5939,22,,,0,30,,5940,22,,,0,70,,5941,22,,,0,30,,5942,22,,,0,70,,5943,22,,,0,30,,5944,22,,,0,70,,5945,22,,,0,30,,5946,22,,,0,70,,5947,22,,,0,30,,5948,22,,,0,70,,5949,22,,,0,25,,5950,22,,,0,70,,5951,22,,,0,30,,5952,22,,,0,70,,5953,22,,,0,30,,5954,22,,,0,70,,5955,22,,,0,35,,5956,22,,,0,85,,5957,22,,,0,85,,5958,22,,,0,30,,5959,22,,,0,101,,5960,22,,,0,100,,5961,22,,,0,100,,5962,22,,,0,100,,5963,22,,,0
801,'Saturday-01',623,,6118,12,,,0,100,,6119,12,,,0,100,,6120,12,,,0,100,,6121,12,,,0,30,,6122,12,,,0,70,,6123,12,,,0,30,,6124,12,,,0,70,,6125,12,,,0,30,,6126,12,,,0,70,,6127,12,,,0,30,,6128,12,,,0,70,,6129,12,,,0,30,,6130,12,,,0,70,,6131,12,,,0,30,,6132,12,,,0,70,,6133,12,,,0,30,,6134,12,,,0,70,,6135,12,,,0,30,,6136,12,,,0,70,,6137,12,,,0,28,,6117,12,,,0,100,,6116,12,,,0,100,,6139,12,,,0,100,,6138,12,,,0
801,'Sunday-01',806,,6140,12,,,0,100,,6141,12,,,0,100,,6142,12,,,0,100,,6143,12,,,0,100,,6144,12,,,0,100,,6145,12,,,0,100,,6146,12,,,0,100,,6147,12,,,0,100,,6148,12,,,0,100,,6149,12,,,0,100,,6150,12,,,0
801,'Weekday-01',522,,6151,12,,,0,35,,6152,12,,,0,75,,6153,12,,,0,75,,6154,12,,,0,35,,6155,12,,,0,75,,6156,12,,,0,35,,6157,12,,,0,75,,6158,12,,,0,75,,6159,12,,,0,35,,6160,12,,,0,75,,6161,12,,,0,35,,6162,12,,,0,75,,6163,12,,,0,35,,6164,12,,,0,75,,6165,12,,,0,75,,6166,12,,,0,35,,6167,12,,,0,75,,6168,12,,,0,35,,6169,12,,,0,75,,6170,12,,,0,75,,6171,12,,,0,110,,6172,12,,,0,110,,6173,12,,,0,110,,6174,12,,,0
900,'Saturday-01',615,,6175,31,,,0,30,,6176,31,,,0,70,,6177,31,,,0,30,,6178,31,,,0,70,,6179,31,,,0,30,,6180,31,,,0,70,,6181,31,,,0,30,,6182,31,,,0,70,,6183,31,,,0,30,,6184,31,,,0,70,,6185,31,,,0,30,,6186,31,,,0,70,,6187,31,,,0,30,,6188,31,,,0,70,,6189,31,,,0,30,,6190,31,,,0,70,,6191,31,,,0,30,,6192,31,,,0,70,,6193,31,,,0,30,,6194,31,,,0,70,,6195,31,,,0,30,,6196,31,,,0,88,,6197,31,,,0,70,,6198,31,,,0,30,,6199,31,,,0,85,,6200,31,,,0,30,,6202,31,,,0,85,,6203,31,,,0,100,,6204,31,,,0,100,,6205,31,,,0,100,,6201,31,,,0
900,'Sunday-01',745,,6225,31,,,0,70,,6227,31,,,0,30,,6215,31,,,0,70,,6214,31,,,0,30,,6216,31,,,0,70,,6209,31,,,0,30,,6217,31,,,0,70,,6210,31,,,0,30,,6218,31,,,0,70,,6211,31,,,0,30,,6219,31,,,0,70,,6212,31,,,0,30,,6220,31,,,0,70,,6213,31,,,0,30,,6221,31,,,0,70,,6206,31,,,0,30,,6222,31,,,0,70,,6207,31,,,0,30,,6223,31,,,0,70,,6208,31,,,0,30,,6224,31,,,0,70,,6226,31,,,0
900,'Weekday-01',545,,6228,31,,,0,70,,6229,31,,,0,25,,6230,31,,,0,70,,6231,31,,,0,30,,6232,31,,,0,70,,6233,31,,,0,30,,6234,31,,,0,75,,6235,31,,,0,30,,6236,31,,,0,70,,6237,31,,,0,30,,6238,31,,,0,70,,6239,31,,,0,30,,6240,31,,,0,70,,6241,31,,,0,30,,6242,31,,,0,70,,6243,31,,,0,30,,6244,31,,,0,70,,6245,31,,,0,30,,6246,31,,,0,55,,6247,31,,,0,15,,6248,31,,,0,15,,6249,31,,,0,15,,6250,31,,,0,70,,6251,31,,,0,15,,6252,31,,,0,15,,6253,31,,,0,55,,6254,31,,,0,28,,6255,31,,,0,30,,6256,31,,,0,70,,6257,31,,,0,85,,6258,31,,,0,32,,6259,31,,,0,85,,6260,31,,,0,100,,6261,31,,,0,100,,6262,31,,,0,100,,6263,31,,,0
1800,'Saturday-01',625,,6703,16,,,0,30,,6704,16,,,0,70,,6705,16,,,0,30,,6706,16,,,0,70,,6707,16,,,0,30,,6708,16,,,0,70,,6709,16,,,0,30,,6710,16,,,0,70,,6711,16,,,0,30,,6712,16,,,0,70,,6713,16,,,0,30,,6714,16,,,0,70,,6715,16,,,0,30,,6716,16,,,0,70,,6717,16,,,0,30,,6718,16,,,0,70,,6719,16,,,0,30,,6720,16,,,0,70,,6721,16,,,0,30,,6722,16,,,0,70,,6723,16,,,0,30,,6724,16,,,0,70,,6725,16,,,0,30,,6726,16,,,0,70,,6727,16,,,0
1800,'Sunday-01',825,,6728,16,,,0,100,,6729,16,,,0,100,,6730,16,,,0,100,,6731,16,,,0,100,,6732,16,,,0,100,,6733,16,,,0,100,,6734,16,,,0,100,,6735,16,,,0,100,,6736,16,,,0,100,,6737,16,,,0,100,,6738,16,,,0
1800,'Weekday-01',625,,6739,16,,,0,30,,6740,16,,,0,70,,6741,16,,,0,15,,6768,16,,,0,15,,6742,16,,,0,55,,6769,16,,,0,15,,6743,16,,,0,15,,6770,16,,,0,15,,6744,16,,,0,55,,6771,16,,,0,15,,6745,16,,,0,15,,6772,16,,,0,15,,6746,16,,,0,55,,6773,16,,,0,15,,6747,16,,,0,30,,6748,16,,,0,70,,6749,16,,,0,30,,6750,16,,,0,70,,6751,16,,,0,30,,6752,16,,,0,70,,6753,16,,,0,30,,6754,16,,,0,70,,6755,16,,,0,15,,6774,16,,,0,15,,6756,16,,,0,55,,6775,16,,,0,15,,6757,16,,,0,15,,6776,16,,,0,15,,6758,16,,,0,55,,6777,16,,,0,15,,6759,16,,,0,15,,6778,16,,,0,15,,6760,16,,,0,55,,6779,16,,,0,15,,6761,16,,,0,30,,6762,16,,,0,70,,6763,16,,,0,30,,6764,16,,,0,100,,6765,16,,,0,100,,6766,16,,,0,95,,6767,16,,,0
4001,'Saturday-01',607,,7157,28,,,0,100,,7158,28,,,0,30,,7159,28,,,0,70,,7160,28,,,0,30,,7161,28,,,0,70,,7162,28,,,0,30,,7163,28,,,0,70,,7164,28,,,0,30,,7165,28,,,0,70,,7166,28,,,0,30,,7167,28,,,0,70,,7168,28,,,0,30,,7169,28,,,0,70,,7170,28,,,0,30,,7171,28,,,0,70,,7172,28,,,0,30,,7173,28,,,0,70,,7174,28,,,0,30,,7175,28,,,0,70,,7176,28,,,0,30,,7177,28,,,0,70,,7178,28,,,0,30,,7179,28,,,0,70,,7180,28,,,0,30,,7181,28,,,0,70,,7182,28,,,0,30,,7183,28,,,0,70,,7184,28,,,0,30,,7185,28,,,0,70,,7186,28,,,0,30,,7187,28,,,0,70,,7188,28,,,0,30,,7189,28,,,0,70,,7190,28,,,0,100,,7191,28,,,0
4001,'Sunday-01',807,,7193,28,,,0,30,,7194,28,,,0,70,,7195,28,,,0,30,,7196,28,,,0,70,,7197,28,,,0,30,,7198,28,,,0,70,,7199,28,,,0,30,,7200,28,,,0,70,,7201,28,,,0,30,,7202,28,,,0,70,,7203,28,,,0,30,,7204,28,,,0,70,,7205,28,,,0,30,,7206,28,,,0,70,,7207,28,,,0,30,,7208,28,,,0,70,,7209,28,,,0,30,,7210,28,,,0,70,,7211,28,,,0,30,,7212,28,,,0,70,,7213,28,,,0
4001,'Weekday-01',607,,7249,28,,,0,30,,7214,28,,,0,70,,7215,28,,,0,30,,7216,28,,,0,70,,7217,28,,,0,30,,7218,28,,,0,70,,7219,28,,,0,30,,7220,28,,,0,70,,7221,28,,,0,30,,7222,28,,,0,70,,7223,28,,,0,30,,7224,28,,,0,70,,7225,28,,,0,30,,7226,28,,,0,70,,7227,28,,,0,30,,7228,28,,,0,70,,7229,28,,,0,30,,7230,28,,,0,70,,7231,28,,,0,30,,7232,28,,,0,70,,7233,28,,,0,30,,7234,28,,,0,70,,7235,28,,,0,30,,7236,28,,,0,70,,7237,28,,,0,30,,7238,28,,,0,70,,7239,28,,,0,30,,7240,28,,,0,70,,7241,28,,,0,30,,7242,28,,,0,70,,7243,28,,,0,30,,7244,28,,,0,70,,7245,28,,,0,30,,7246,28,,,0,70,,7247,28,,,0,100,,7248,28,,,0
