100,'Saturday-01',617,,5048,29,0,5,0,30,,5049,29,0,5,0,100,,5054,29,0,5,0,70,,5055,29,0,5,0,30,,5056,29,0,5,0,70,,5057,29,0,5,0,30,,5058,29,0,5,0,70,,5059,29,0,5,0,30,,5060,29,0,5,0,70,,5061,29,0,5,0,30,,5062,29,0,5,0,55,,5082,3,0,5,0,15,,5050,29,0,5,0,30,,5051,29,0,5,0,70,,5071,29,0,5,0,30,,5072,29,0,5,0,60,,5052,29,0,5,0,30,,5053,29,0,5,0,70,,5067,29,0,5,0,30,,5068,29,0,5,0,70,,5069,29,0,5,0,30,,5070,29,0,5,0,70,,5073,29,0,5,0,30,,5074,29,0,5,0,70,,5075,29,0,5,0,109,,5063,58,0,5,0,30,,5064,58,0,5,0,70,,5076,58,0,5,0,43,,5077,58,0,5,0,70,,5065,58,0,5,0,95,,5078,58,0,5,0,85,,5079,58,0,5,0,18,,5080,58,0,5,0,105,,5066,58,0,5,0
100,'Sunday-01',814,,5085,58,0,5,0,100,,5086,58,0,5,0,100,,5087,58,0,5,0,100,,5088,58,0,5,0,100,,5090,58,0,5,0,100,,5091,58,0,5,0,105,,5092,58,0,5,0,100,,5093,58,0,5,0,105,,5094,58,0,5,0,100,,5089,58,0,5,0,108,,5083,58,0,5,0
100,'Weekday-01',602,,5143,3,0,5,0,15,,5106,29,0,8,0,10,,5132,29,0,8,0,5,,5107,29,0,8,0,15,,5108,29,0,8,0,55,,5109,29,0,8,0,20,,5095,29,0,5,0,15,,5112,29,0,8,0,15,,5096,29,0,5,0,60,,5097,29,0,5,0,20,,5098,29,0,5,0,70,,5099,29,0,5,0,20,,5100,29,0,5,0,20,,5101,29,0,5,0,75,,5117,31,0,5,0,30,,5118,31,0,5,0,70,,5119,31,0,5,0,30,,5120,31,0,5,0,70,,5113,31,0,8,0,30,,5114,31,0,8,0,70,,5110,29,0,8,0,30,,5111,29,0,8,0,70,,5115,31,0,8,0,30,,5116,31,0,8,0,70,,5139,31,0,8,0,10,,5133,29,0,8,0,20,,5121,31,0,5,0,10,,5134,29,0,8,0,60,,5122,31,0,5,0,10,,5135,29,0,8,0,15,,5102,29,0,5,0,15,,5136,29,0,8,0,55,,5103,29,0,5,0,15,,5137,29,0,8,0,15,,5104,29,0,5,0,70,,5138,29,0,8,0,20,,5105,29,0,5,0,70,,5123,58,0,5,0,30,,5124,58,0,5,0,75,,5140,58,0,8,0,10,,5127,58,0,8,0,35,,5128,58,0,8,0,70,,5129,58,0,8,0,100,,5130,58,0,8,0,20,,5131,58,0,8,0,100,,5125,58,0,5,0,88,,5126,58,0,5,0
201,'Saturday-01',646,,5335,37,,,0,70,,5336,37,,,0,30,,5337,37,,,0,70,,5338,37,,,0,30,,5339,37,,,0,70,,5340,37,,,0,30,,5341,37,,,0,70,,5342,37,,,0,30,,5343,37,,,0,70,,5344,37,,,0,30,,5345,37,,,0,70,,5346,37,,,0,30,,5347,37,,,0,70,,5348,37,,,0,30,,5349,37,,,0,70,,5350,37,,,0,30,,5351,37,,,0,70,,5352,37,,,0,30,,5353,37,,,0,70,,5354,37,,,0,30,,5355,37,,,0,70,,5356,37,,,0,30,,5357,37,,,0,70,,5358,37,,,0,30,,5359,37,,,0,70,,5360,37,,,0,30,,5361,37,,,0,70,,5362,37,,,0,30,,5363,37,,,0,70,,5364,37,,,0,100,,5365,37,,,0,100,,5366,37,,,0,100,,5367,37,,,0
201,'Sunday-01',831,,5368,37,,,0,70,,5369,37,,,0,30,,5370,37,,,0,70,,5371,37,,,0,30,,5372,37,,,0,70,,5373,37,,,0,30,,5374,37,,,0,70,,5375,37,,,0,30,,5376,37,,,0,70,,5377,37,,,0,30,,5378,37,,,0,70,,5379,37,,,0,30,,5380,37,,,0,70,,5381,37,,,0,30,,5382,37,,,0,70,,5383,37,,,0,30,,5384,37,,,0,70,,5385,37,,,0,30,,5386,37,,,0,70,,5387,37,,,0
201,'Weekday-01',616,,5390,37,,,0,30,,5391,37,,,0,55,,5392,37,,,0,15,,5393,37,,,0,15,,5394,37,,,0,15,,5395,37,,,0,55,,5396,37,,,0,15,,5429,37,,,0,15,,5397,37,,,0,15,,5398,37,,,0,70,,5428,37,,,0,30,,5399,37,,,0,70,,5400,37,,,0,30,,5401,37,,,0,70,,5402,37,,,0,30,,5403,37,,,0,70,,5404,37,,,0,30,,5405,37,,,0,70,,5406,37,,,0,25,,5407,37,,,0,70,,5408,37,,,0,35,,5409,37,,,0,70,,5410,37,,,0,15,,5411,37,,,0,15,,5412,37,,,0,55,,5413,37,,,0,15,,5414,37,,,0,15,,5415,37,,,0,15,,5416,37,,,0,55,,5417,37,,,0,15,,5418,37,,,0,30,,5419,37,,,0,70,,5420,37,,,0,30,,5421,37,,,0,70,,5422,37,,,0,30,,5423,37,,,0,70,,5424,37,,,0,30,,5425,37,,,0,70,,5426,37,,,0,30,,5427,37,,,0,70,,5431,37,,,0,30,,5432,37,,,0,70,,5433,37,,,0,30,,5434,37,,,0,70,,5435,37,,,0
301,'Saturday-01',706,,5554,15,,,0,30,,5531,15,,,0,70,,5532,15,,,0,30,,5533,15,,,0,70,,5534,15,,,0,30,,5535,15,,,0,70,,5536,15,,,0,30,,5537,15,,,0,70,,5538,15,,,0,30,,5555,15,,,0,70,,5539,15,,,0,30,,5556,15,,,0,70,,5557,15,,,0,30,,5558,15,,,0,70,,5559,15,,,0,30,,5540,15,,,0,70,,5541,15,,,0,30,,5560,15,,,0,70,,5542,15,,,0,30,,5543,15,,,0,70,,5544,15,,,0,30,,5545,15,,,0,70,,5561,15,,,0,30,,5562,15,,,0,80,,5546,14,,,0,30,,5547,14,,,0,70,,5548,14,,,0,30,,5549,14,,,0,70,,5550,14,,,0,100,,5551,14,,,0,100,,5552,14,,,0,100,,5553,14,,,0
301,'Sunday-01',831,,5563,15,,,0,70,,5574,15,,,0,30,,5575,15,,,0,70,,5576,15,,,0,30,,5577,15,,,0,70,,5578,15,,,0,30,,5579,15,,,0,70,,5580,15,,,0,30,,5581,15,,,0,70,,5582,15,,,0,30,,5583,15,,,0,70,,5564,15,,,0,30,,5565,15,,,0,70,,5566,15,,,0,30,,5567,15,,,0,70,,5568,15,,,0,30,,5569,15,,,0,70,,5570,15,,,0,30,,5571,15,,,0,70,,5572,15,,,0,30,,5573,15,,,0
301,'Weekday-01',601,,5584,15,,,0,30,,5585,15,,,0,70,,5586,15,,,0,15,,5587,15,,,0,15,,5588,15,,,0,15,,5589,15,,,0,55,,5590,15,,,0,15,,5591,15,,,0,15,,5592,15,,,0,70,,5593,15,,,0,30,,5594,15,,,0,70,,5595,15,,,0,30,,5596,15,,,0,70,,5597,15,,,0,30,,5598,15,,,0,70,,5599,15,,,0,30,,5600,15,,,0,70,,5601,15,,,0,30,,5602,15,,,0,70,,5603,15,,,0,30,,5604,15,,,0,70,,5605,15,,,0,15,,5606,15,,,0,15,,5607,15,,,0,15,,5608,15,,,0,55,,5609,15,,,0,30,,5610,15,,,0,15,,5611,15,,,0,55,,5612,15,,,0,15,,5613,15,,,0,30,,5614,15,,,0,70,,5615,14,,,0,30,,5616,14,,,0,70,,5617,14,,,0,30,,5618,14,,,0,70,,5619,14,,,0,30,,5620,14,,,0,70,,5621,14,,,0,30,,5625,14,,,0,70,,5624,15,,,0,100,,5622,14,,,0,100,,5623,14,,,0
500,'Saturday-01',701,,5788,3,,,0,100,,5789,3,,,0,100,,5790,3,,,0,100,,5791,3,,,0,100,,5792,3,,,0,100,,5793,3,,,0,100,,5794,3,,,0,100,,5795,3,,,0,100,,5796,3,,,0,100,,5797,3,,,0,100,,5798,3,,,0,100,,5799,3,,,0
500,'Weekday-01',611,,5801,3,,,0,30,,5802,3,,,0,70,,5803,3,,,0,30,,5804,3,,,0,70,,5805,3,,,0,90,,5806,3,,,0,100,,5807,3,,,0,100,,5808,3,,,0,100,,5809,3,,,0,100,,5810,3,,,0,100,,5811,3,,,0,100,,5812,3,,,0,110,,5813,3,,,0,30,,5814,3,,,0,70,,5815,3,,,0,35,,5816,3,,,0
801,'Saturday-01',651,,6118,48,,,0,100,,6119,48,,,0,100,,6120,48,,,0,100,,6121,48,,,0,70,,6122,48,,,0,30,,6123,48,,,0,70,,6124,48,,,0,30,,6125,48,,,0,70,,6126,48,,,0,30,,6127,48,,,0,70,,6128,48,,,0,30,,6129,48,,,0,70,,6130,48,,,0,30,,6131,48,,,0,70,,6132,48,,,0,30,,6133,48,,,0,70,,6134,48,,,0,30,,6135,48,,,0,70,,6136,48,,,0,30,,6137,48,,,0,65,,6117,48,,,0,100,,6116,48,,,0,100,,6139,48,,,0,100,,6138,48,,,0
801,'Sunday-01',831,,6140,48,,,0,100,,6141,48,,,0,100,,6142,48,,,0,100,,6143,48,,,0,100,,6144,48,,,0,100,,6145,48,,,0,100,,6146,48,,,0,100,,6147,48,,,0,100,,6148,48,,,0,100,,6149,48,,,0,100,,6150,48,,,0
801,'Weekday-01',556,,6151,48,,,0,75,,6152,48,,,0,75,,6153,48,,,0,35,,6154,48,,,0,75,,6155,48,,,0,35,,6156,48,,,0,75,,6157,48,,,0,75,,6158,48,,,0,35,,6159,48,,,0,75,,6160,48,,,0,35,,6161,48,,,0,75,,6162,48,,,0,35,,6163,48,,,0,75,,6164,48,,,0,75,,6165,48,,,0,35,,6166,48,,,0,75,,6167,48,,,0,35,,6168,48,,,0,75,,6169,48,,,0,75,,6170,48,,,0,35,,6171,48,,,0,110,,6172,48,,,0,110,,6173,48,,,0,150,,6174,48,,,0
1000,'Saturday-01',646,,6352,19,,,0,100,,6353,19,,,0,100,,6354,19,,,0,70,,6355,19,,,0,30,,6356,19,,,0,70,,6357,19,,,0,30,,6358,19,,,0,70,,6359,19,,,0,30,,6360,19,,,0,70,,6361,19,,,0,30,,6362,19,,,0,70,,6363,19,,,0,30,,6364,19,,,0,70,,6365,19,,,0,30,,6366,19,,,0,70,,6367,19,,,0,30,,6368,19,,,0,70,,6369,19,,,0,30,,6370,19,,,0,70,,6371,19,,,0,30,,6372,19,,,0,70,,6373,19,,,0,85,,6374,19,,,0,45,,6375,19,,,0,85,,6376,19,,,0,85,,6377,19,,,0,100,,6378,19,,,0
1000,'Sunday-01',831,,6379,19,,,0,100,,6380,19,,,0,100,,6381,19,,,0,100,,6382,19,,,0,100,,6383,19,,,0,100,,6384,19,,,0,100,,6385,19,,,0,100,,6386,19,,,0,100,,6387,19,,,0,100,,6388,19,,,0,100,,6389,19,,,0
1000,'Weekday-01',616,,6408,19,,,0,30,,6409,19,,,0,70,,6410,19,,,0,30,,6411,19,,,0,70,,6412,19,,,0,30,,6390,19,,,0,70,,6391,19,,,0,30,,6392,19,,,0,70,,6393,19,,,0,30,,6394,19,,,0,70,,6395,19,,,0,30,,6396,19,,,0,70,,6397,19,,,0,30,,6398,19,,,0,70,,6399,19,,,0,30,,6400,19,,,0,70,,6401,19,,,0,30,,6413,19,,,0,70,,6414,19,,,0,30,,6415,19,,,0,70,,6416,19,,,0,30,,6417,19,,,0,70,,6418,19,,,0,30,,6419,19,,,0,70,,6402,19,,,0,85,,6403,19,,,0,45,,6404,19,,,0,85,,6405,19,,,0,85,,6406,19,,,0,100,,6407,19,,,0
1201,'Saturday-01',646,,6564,40,,,0,100,,6565,40,,,0,100,,6566,40,,,0,70,,6570,50,,,0,30,,6571,50,,,0,70,,6572,50,,,0,30,,6573,50,,,0,70,,6574,50,,,0,30,,6575,50,,,0,70,,6576,50,,,0,30,,6577,50,,,0,70,,6578,50,,,0,30,,6579,50,,,0,70,,6580,50,,,0,30,,6581,50,,,0,70,,6582,50,,,0,30,,6583,50,,,0,70,,6584,50,,,0,30,,6585,50,,,0,70,,6586,50,,,0,30,,6569,50,,,0,70,,6568,50,,,0,100,,6567,37,,,0,100,,6590,37,,,0,100,,6591,37,,,0,100,,6587,37,,,0,100,,6588,37,,,0,100,,6589,37,,,0
1201,'Sunday-01',831,,6592,40,,,0,100,,6593,40,,,0,100,,6594,40,,,0,100,,6595,40,,,0,100,,6596,40,,,0,100,,6597,40,,,0,100,,6598,40,,,0,100,,6599,40,,,0,100,,6600,40,,,0,100,,6601,40,,,0,100,,6602,40,,,0
1201,'Weekday-01',616,,6633,3,,,0,30,,6628,47,,,0,70,,6629,47,,,0,30,,6630,47,,,0,70,,6631,47,,,0,30,,6632,47,,,0,70,,6609,50,,,0,30,,6620,50,,,0,70,,6621,50,,,0,30,,6622,50,,,0,70,,6623,50,,,0,30,,6624,50,,,0,70,,6625,50,,,0,30,,6626,50,,,0,70,,6627,50,,,0,30,,6610,50,,,0,70,,6611,50,,,0,30,,6612,50,,,0,70,,6613,50,,,0,30,,6619,50,,,0,70,,6614,50,,,0,30,,6615,50,,,0,70,,6616,50,,,0,30,,6617,50,,,0,70,,6618,50,,,0,100,,6603,37,,,0,100,,6604,37,,,0,100,,6605,37,,,0,100,,6606,37,,,0,100,,6607,37,,,0,100,,6608,37,,,0
2400,'Weekday-01',555,,6963,2,,,0,60,,6964,2,,,0,20,,6965,2,,,0,20,,6966,2,,,0,60,,6967,2,,,0,20,,6968,2,,,0,20,,6969,2,,,0,60,,6970,2,,,0,20,,6971,2,,,0,20,,6972,2,,,0,700,,6973,2,,,0,80,,6974,2,,,0,80,,6975,2,,,0,40,,6976,2,,,0,80,,6977,2,,,0,80,,6978,2,,,0,40,,6979,2,,,0,80,,6980,2,,,0,20,,6981,2,,,0,60,,6982,2,,,0,20,,6983,2,,,0,20,,6984,2,,,0,60,,6985,2,,,0,20,,6986,2,,,0,20,,6987,2,,,0,60,,6988,2,,,0,20,,6989,2,,,0,20,,6990,2,,,0,60,,6991,2,,,0
3001,'Weekday-01',733,,7046,10,,,0,70,,7040,10,,,0,30,,7047,10,,,0,70,,7048,10,,,0,30,,7049,10,,,0,70,,7050,10,,,0,30,,7041,10,,,0,70,,7042,10,,,0,30,,7051,10,,,0,78,,7052,10,,,0,30,,7053,10,,,0,70,,7054,10,,,0,31,,7055,10,,,0,70,,7043,10,,,0,30,,7056,10,,,0,70,,7057,10,,,0,30,,7058,10,,,0,70,,7059,10,,,0,30,,7044,10,,,0,70,,7045,10,,,0,30,,7060,10,,,0
4001,'Saturday-01',620,,7157,36,,,0,100,,7158,36,,,0,30,,7159,36,,,0,70,,7160,36,,,0,30,,7161,36,,,0,70,,7162,36,,,0,30,,7163,36,,,0,70,,7164,36,,,0,30,,7165,36,,,0,70,,7166,36,,,0,30,,7167,36,,,0,70,,7168,36,,,0,30,,7169,36,,,0,70,,7170,36,,,0,30,,7171,36,,,0,70,,7172,36,,,0,30,,7173,36,,,0,70,,7174,36,,,0,30,,7175,36,,,0,70,,7176,36,,,0,30,,7177,36,,,0,70,,7178,36,,,0,30,,7179,36,,,0,70,,7180,36,,,0,30,,7181,36,,,0,70,,7182,36,,,0,30,,7183,36,,,0,70,,7184,36,,,0,30,,7185,36,,,0,70,,7186,36,,,0,30,,7187,36,,,0,70,,7188,36,,,0,30,,7189,36,,,0,70,,7190,36,,,0,100,,7191,36,,,0
4001,'Sunday-01',820,,7193,36,,,0,30,,7194,36,,,0,70,,7195,36,,,0,30,,7196,36,,,0,70,,7197,36,,,0,30,,7198,36,,,0,70,,7199,36,,,0,30,,7200,36,,,0,70,,7201,36,,,0,30,,7202,36,,,0,70,,7203,36,,,0,30,,7204,36,,,0,70,,7205,36,,,0,30,,7206,36,,,0,70,,7207,36,,,0,30,,7208,36,,,0,70,,7209,36,,,0,30,,7210,36,,,0,70,,7211,36,,,0,30,,7212,36,,,0,70,,7213,36,,,0
4001,'Weekday-01',620,,7249,36,,,0,30,,7214,36,,,0,70,,7215,36,,,0,30,,7216,36,,,0,70,,7217,36,,,0,30,,7218,36,,,0,70,,7219,36,,,0,30,,7220,36,,,0,70,,7221,36,,,0,30,,7222,36,,,0,70,,7223,36,,,0,30,,7224,36,,,0,70,,7225,36,,,0,30,,7226,36,,,0,70,,7227,36,,,0,30,,7228,36,,,0,70,,7229,36,,,0,30,,7230,36,,,0,70,,7231,36,,,0,30,,7232,36,,,0,70,,7233,36,,,0,30,,7234,36,,,0,70,,7235,36,,,0,30,,7236,36,,,0,70,,7237,36,,,0,30,,7238,36,,,0,70,,7239,36,,,0,30,,7240,36,,,0,70,,7241,36,,,0,30,,7242,36,,,0,70,,7243,36,,,0,30,,7244,36,,,0,70,,7245,36,,,0,30,,7246,36,,,0,70,,7247,36,,,0,100,,7248,36,,,0
