100,'Saturday-01',612,,5048,24,0,5,0,30,,5049,24,0,5,0,100,,5054,24,0,5,0,70,,5055,24,0,5,0,30,,5056,24,0,5,0,70,,5057,24,0,5,0,30,,5058,24,0,5,0,70,,5059,24,0,5,0,30,,5060,24,0,5,0,70,,5061,24,0,5,0,30,,5062,24,0,5,0,70,,5050,24,0,5,0,30,,5051,24,0,5,0,70,,5071,24,0,5,0,30,,5072,24,0,5,0,60,,5052,24,0,5,0,30,,5053,24,0,5,0,70,,5067,24,0,5,0,30,,5068,24,0,5,0,70,,5069,24,0,5,0,30,,5070,24,0,5,0,70,,5073,24,0,5,0,30,,5074,24,0,5,0,70,,5075,24,0,5,0,109,,5063,53,0,5,0,30,,5064,53,0,5,0,70,,5076,53,0,5,0,43,,5077,53,0,5,0,70,,5065,53,0,5,0,95,,5078,53,0,5,0,84,,5079,53,0,5,0,19,,5080,53,0,5,0,104,,5066,53,0,5,0
100,'Sunday-01',809,,5085,53,0,5,0,100,,5086,53,0,5,0,100,,5087,53,0,5,0,100,,5088,53,0,5,0,100,,5090,53,0,5,0,100,,5091,53,0,5,0,105,,5092,53,0,5,0,100,,5093,53,0,5,0,105,,5094,53,0,5,0,100,,5089,53,0,5,0,106,,5083,53,0,5,0
100,'Weekday-01',611,,5106,24,0,8,0,10,,5132,24,0,8,0,5,,5107,24,0,8,0,15,,5108,24,0,8,0,15,,5109,24,0,8,0,60,,5095,24,0,5,0,15,,5112,24,0,8,0,15,,5096,24,0,5,0,60,,5097,24,0,5,0,20,,5098,24,0,5,0,30,,5099,24,0,5,0,60,,5100,24,0,5,0,20,,5101,24,0,5,0,75,,5117,26,0,5,0,30,,5118,26,0,5,0,70,,5119,26,0,5,0,30,,5120,26,0,5,0,70,,5113,26,0,8,0,30,,5114,26,0,8,0,70,,5110,24,0,8,0,30,,5111,24,0,8,0,70,,5115,26,0,8,0,30,,5116,26,0,8,0,70,,5139,26,0,8,0,10,,5133,24,0,8,0,20,,5121,26,0,5,0,10,,5134,24,0,8,0,60,,5122,26,0,5,0,10,,5135,24,0,8,0,15,,5102,24,0,5,0,15,,5136,24,0,8,0,55,,5103,24,0,5,0,15,,5137,24,0,8,0,15,,5104,24,0,5,0,70,,5138,24,0,8,0,20,,5105,24,0,5,0,30,,5123,53,0,5,0,70,,5124,53,0,5,0,76,,5140,53,0,8,0,10,,5127,53,0,8,0,34,,5128,53,0,8,0,70,,5129,53,0,8,0,100,,5130,53,0,8,0,20,,5131,53,0,8,0,100,,5125,53,0,5,0,90,,5126,53,0,5,0
400,'Saturday-01',642,,5629,42,,,0,75,,5628,42,,,0,35,,5627,42,,,0,75,,5626,42,,,0,75,,5653,42,,,0,35,,5654,42,,,0,75,,5648,42,,,0,35,,5647,42,,,0,75,,5646,42,,,0,35,,5645,42,,,0,75,,5644,42,,,0,75,,5650,42,,,0,35,,5643,42,,,0,75,,5642,42,,,0,35,,5649,42,,,0,75,,5641,42,,,0,75,,5651,42,,,0,35,,5630,42,,,0,75,,5634,42,,,0,35,,5652,42,,,0,75,,5640,42,,,0,35,,5633,42,,,0,75,,5639,42,,,0,75,,5631,42,,,0,35,,5636,42,,,0,70,,5638,42,,,0,100,,5635,42,,,0,100,,5637,42,,,0,100,,5632,42,,,0
400,'Sunday-01',827,,5655,42,,,0,75,,5656,42,,,0,35,,5665,42,,,0,75,,5662,42,,,0,35,,5672,42,,,0,75,,5657,42,,,0,35,,5671,42,,,0,75,,5664,42,,,0,75,,5670,42,,,0,35,,5658,42,,,0,75,,5669,42,,,0,35,,5661,42,,,0,75,,5668,42,,,0,75,,5659,42,,,0,35,,5667,42,,,0,75,,5663,42,,,0,35,,5666,42,,,0,80,,5660,42,,,0
400,'Weekday-01',612,,5673,42,,,0,30,,5674,42,,,0,70,,5675,42,,,0,30,,5676,42,,,0,70,,5677,42,,,0,30,,5678,42,,,0,70,,5679,42,,,0,30,,5680,42,,,0,70,,5681,42,,,0,30,,5682,42,,,0,70,,5683,42,,,0,30,,5684,42,,,0,70,,5685,42,,,0,30,,5686,42,,,0,70,,5687,42,,,0,30,,5688,42,,,0,70,,5689,42,,,0,30,,5690,42,,,0,70,,5691,42,,,0,30,,5692,42,,,0,70,,5693,42,,,0,30,,5694,42,,,0,70,,5695,42,,,0,30,,5696,42,,,0,70,,5697,42,,,0,30,,5698,42,,,0,70,,5699,42,,,0,30,,5700,42,,,0,71,,5701,42,,,0,30,,5702,42,,,0,70,,5703,42,,,0,100,,5704,42,,,0,100,,5705,42,,,0,100,,5706,42,,,0
501,'Saturday-01',656,,5818,38,,,0,100,,5819,38,,,0,100,,5820,38,,,0,100,,5821,38,,,0,100,,5822,38,,,0,100,,5823,38,,,0,100,,5824,38,,,0,100,,5825,38,,,0,100,,5826,38,,,0,100,,5827,38,,,0,100,,5828,38,,,0,100,,5829,38,,,0
501,'Weekday-01',606,,5832,38,,,0,30,,5833,38,,,0,70,,5836,38,,,0,30,,5837,38,,,0,70,,5838,38,,,0,35,,5834,42,,,0,65,,5839,38,,,0,50,,5840,38,,,0,100,,5841,38,,,0,100,,5842,38,,,0,100,,5843,38,,,0,100,,5844,38,,,0,100,,5845,38,,,0,150,,5846,38,,,0,30,,5835,38,,,0,70,,5847,38,,,0,30,,5848,38,,,0
801,'Saturday-01',653,,6118,50,,,0,100,,6119,50,,,0,100,,6120,50,,,0,100,,6121,50,,,0,70,,6122,50,,,0,30,,6123,50,,,0,70,,6124,50,,,0,30,,6125,50,,,0,70,,6126,50,,,0,30,,6127,50,,,0,70,,6128,50,,,0,30,,6129,50,,,0,70,,6130,50,,,0,30,,6131,50,,,0,70,,6132,50,,,0,30,,6133,50,,,0,70,,6134,50,,,0,30,,6135,50,,,0,70,,6136,50,,,0,30,,6137,50,,,0,65,,6117,50,,,0,100,,6116,50,,,0,100,,6139,50,,,0,100,,6138,50,,,0
801,'Sunday-01',833,,6140,50,,,0,100,,6141,50,,,0,100,,6142,50,,,0,100,,6143,50,,,0,100,,6144,50,,,0,100,,6145,50,,,0,100,,6146,50,,,0,100,,6147,50,,,0,100,,6148,50,,,0,100,,6149,50,,,0,100,,6150,50,,,0
801,'Weekday-01',559,,6151,50,,,0,75,,6152,50,,,0,75,,6153,50,,,0,35,,6154,50,,,0,75,,6155,50,,,0,35,,6156,50,,,0,75,,6157,50,,,0,75,,6158,50,,,0,35,,6159,50,,,0,75,,6160,50,,,0,35,,6161,50,,,0,75,,6162,50,,,0,35,,6163,50,,,0,75,,6164,50,,,0,75,,6165,50,,,0,35,,6166,50,,,0,75,,6167,50,,,0,35,,6168,50,,,0,75,,6169,50,,,0,75,,6170,50,,,0,35,,6171,50,,,0,110,,6172,50,,,0,110,,6173,50,,,0,150,,6174,50,,,0
1001,'Saturday-01',636,,6420,34,,,0,100,,6421,34,,,0,100,,6422,34,,,0,70,,6423,34,,,0,30,,6424,34,,,0,70,,6425,34,,,0,30,,6426,34,,,0,70,,6427,34,,,0,30,,6428,34,,,0,70,,6429,34,,,0,30,,6430,34,,,0,70,,6431,34,,,0,30,,6432,34,,,0,70,,6433,34,,,0,30,,6434,34,,,0,70,,6435,34,,,0,30,,6436,34,,,0,70,,6437,34,,,0,30,,6438,34,,,0,70,,6439,34,,,0,30,,6440,34,,,0,71,,6441,34,,,0,29,,6447,34,,,0,73,,6442,34,,,0,45,,6443,34,,,0,87,,6444,34,,,0,70,,6445,34,,,0,98,,6446,34,,,0
1001,'Sunday-01',825,,6448,34,,,0,100,,6449,34,,,0,100,,6450,34,,,0,100,,6451,34,,,0,100,,6452,34,,,0,100,,6453,34,,,0,100,,6454,34,,,0,100,,6455,34,,,0,100,,6456,34,,,0,100,,6457,34,,,0,100,,6458,34,,,0
1001,'Weekday-01',602,,6490,4,,,0,30,,6477,45,,,0,70,,6478,45,,,0,30,,6479,45,,,0,70,,6480,45,,,0,30,,6481,45,,,0,70,,6482,45,,,0,34,,6459,34,,,0,70,,6460,34,,,0,30,,6461,34,,,0,70,,6462,34,,,0,30,,6463,34,,,0,70,,6464,34,,,0,30,,6465,34,,,0,70,,6466,34,,,0,30,,6467,34,,,0,70,,6468,34,,,0,30,,6469,34,,,0,70,,6470,34,,,0,30,,6471,34,,,0,65,,6483,45,,,0,30,,6484,45,,,0,70,,6485,45,,,0,30,,6486,45,,,0,70,,6487,45,,,0,25,,6488,45,,,0,30,,6491,45,,,0,53,,6472,34,,,0,45,,6473,34,,,0,87,,6474,34,,,0,70,,6475,34,,,0,98,,6476,34,,,0
2400,'Weekday-01',558,,6963,4,,,0,60,,6964,4,,,0,20,,6965,4,,,0,20,,6966,4,,,0,60,,6967,4,,,0,20,,6968,4,,,0,20,,6969,4,,,0,60,,6970,4,,,0,20,,6971,4,,,0,20,,6972,4,,,0,700,,6973,4,,,0,80,,6974,4,,,0,80,,6975,4,,,0,40,,6976,4,,,0,80,,6977,4,,,0,80,,6978,4,,,0,40,,6979,4,,,0,80,,6980,4,,,0,20,,6981,4,,,0,60,,6982,4,,,0,20,,6983,4,,,0,20,,6984,4,,,0,60,,6985,4,,,0,20,,6986,4,,,0,20,,6987,4,,,0,60,,6988,4,,,0,20,,6989,4,,,0,20,,6990,4,,,0,60,,6991,4,,,0
