700,'Saturday-01',647,,5877,48,,,0,100,,5878,48,,,0,70,,5879,48,,,0,30,,5880,48,,,0,70,,5881,48,,,0,30,,5882,48,,,0,70,,5883,48,,,0,30,,5884,48,,,0,70,,5885,48,,,0,30,,5886,48,,,0,70,,5887,48,,,0,30,,5888,48,,,0,70,,5889,48,,,0,30,,5890,48,,,0,70,,5891,48,,,0,30,,5892,48,,,0,70,,5893,48,,,0,30,,5894,48,,,0,70,,5895,48,,,0,30,,5896,48,,,0,70,,5897,48,,,0,30,,5898,48,,,0,71,,5899,48,,,0,84,,5900,48,,,0,45,,5901,48,,,0,70,,5902,48,,,0,99,,5903,48,,,0,100,,5904,48,,,0,100,,5905,48,,,0,100,,5906,48,,,0
700,'Sunday-01',848,,5917,48,,,0,70,,5918,48,,,0,30,,5919,48,,,0,70,,5920,48,,,0,30,,5921,48,,,0,70,,5922,48,,,0,30,,5923,48,,,0,70,,5924,48,,,0,30,,5925,48,,,0,70,,5926,48,,,0,30,,5916,48,,,0,70,,5912,48,,,0,30,,5907,48,,,0,70,,5908,48,,,0,30,,5909,48,,,0,70,,5910,48,,,0,30,,5911,48,,,0,70,,5913,48,,,0,30,,5914,48,,,0,70,,5915,48,,,0
700,'Weekday-01',618,,5927,48,,,0,30,,5928,48,,,0,55,,5929,48,0,7,0,15,,5930,48,,,0,15,,5931,48,,,0,15,,5932,48,,,0,56,,5933,48,,,0,14,,5934,48,,,0,15,,5935,48,,,0,15,,5936,48,,,0,55,,5937,48,,,0,15,,5938,48,,,0,30,,5939,48,,,0,70,,5940,48,,,0,30,,5941,48,,,0,70,,5942,48,,,0,30,,5943,48,,,0,70,,5944,48,,,0,30,,5945,48,,,0,70,,5946,48,,,0,30,,5947,48,,,0,70,,5948,48,,,0,30,,5949,48,,,0,65,,5950,48,,,0,30,,5951,48,,,0,70,,5952,48,,,0,30,,5953,48,,,0,70,,5954,48,,,0,30,,5955,48,,,0,75,,5956,48,,,0,85,,5957,48,,,0,45,,5958,48,,,0,69,,5959,48,,,0,100,,5960,48,,,0,100,,5961,48,,,0,100,,5962,48,,,0,100,,5963,48,,,0
801,'Saturday-01',653,,6118,51,,,0,100,,6119,51,,,0,100,,6120,51,,,0,100,,6121,51,,,0,70,,6122,51,,,0,30,,6123,51,,,0,70,,6124,51,,,0,30,,6125,51,,,0,70,,6126,51,,,0,30,,6127,51,,,0,70,,6128,51,,,0,30,,6129,51,,,0,70,,6130,51,,,0,30,,6131,51,,,0,70,,6132,51,,,0,30,,6133,51,,,0,70,,6134,51,,,0,30,,6135,51,,,0,70,,6136,51,,,0,30,,6137,51,,,0,65,,6117,51,,,0,100,,6116,51,,,0,100,,6139,51,,,0,100,,6138,51,,,0
801,'Sunday-01',833,,6140,51,,,0,100,,6141,51,,,0,100,,6142,51,,,0,100,,6143,51,,,0,100,,6144,51,,,0,100,,6145,51,,,0,100,,6146,51,,,0,100,,6147,51,,,0,100,,6148,51,,,0,100,,6149,51,,,0,100,,6150,51,,,0
801,'Weekday-01',559,,6151,51,,,0,75,,6152,51,,,0,75,,6153,51,,,0,35,,6154,51,,,0,75,,6155,51,,,0,35,,6156,51,,,0,75,,6157,51,,,0,75,,6158,51,,,0,35,,6159,51,,,0,75,,6160,51,,,0,35,,6161,51,,,0,75,,6162,51,,,0,35,,6163,51,,,0,75,,6164,51,,,0,75,,6165,51,,,0,35,,6166,51,,,0,75,,6167,51,,,0,35,,6168,51,,,0,75,,6169,51,,,0,75,,6170,51,,,0,35,,6171,51,,,0,110,,6172,51,,,0,110,,6173,51,,,0,150,,6174,51,,,0
1500,'Saturday-01',813,,6647,4,,,0,90,,6636,25,,,0,50,,6637,25,,,0,90,,6638,25,,,0,90,,6639,25,,,0,90,,6640,25,,,0,90,,6641,25,,,0,90,,6642,25,,,0,50,,6643,25,,,0,90,,6644,25,,,0,90,,6645,25,,,0,90,,6646,25,,,0,89,,6635,25,,,0
1500,'Weekday-01',813,,6660,4,,,0,90,,6648,25,,,0,50,,6650,25,,,0,90,,6651,25,,,0,90,,6652,25,,,0,90,,6653,25,,,0,90,,6654,25,,,0,90,,6655,25,,,0,50,,6656,25,,,0,90,,6657,25,,,0,90,,6658,25,,,0,90,,6659,25,,,0,89,,6649,25,,,0
6000,'Saturday-01',659,,7411,4,,,0,80,,7412,4,,,0,80,,7413,4,,,0,40,,7414,4,,,0,80,,7415,4,,,0,80,,7416,4,,,0,40,,7417,4,,,0,80,,7418,4,,,0,80,,7419,4,,,0,40,,7420,4,,,0,80,,7421,4,,,0,80,,7422,4,,,0,40,,7423,4,,,0,80,,7424,4,,,0,80,,7425,4,,,0,40,,7426,4,,,0,80,,7427,4,,,0,80,,7428,4,,,0,40,,7429,4,,,0,80,,7430,4,,,0,80,,7431,4,,,0,40,,7432,4,,,0,80,,7433,4,,,0,80,,7434,4,,,0,40,,7435,4,,,0,78,,7436,4,,,0,80,,7437,4,,,0
6000,'Sunday-01',834,,7438,4,,,0,80,,7439,4,,,0,40,,7440,4,,,0,80,,7441,4,,,0,80,,7442,4,,,0,40,,7443,4,,,0,80,,7444,4,,,0,80,,7445,4,,,0,40,,7446,4,,,0,80,,7447,4,,,0,80,,7448,4,,,0,40,,7449,4,,,0,80,,7450,4,,,0,80,,7451,4,,,0,40,,7452,4,,,0,80,,7453,4,,,0
6000,'Weekday-01',634,,7454,4,,,0,25,,7455,4,,,0,65,,7456,4,,,0,25,,7457,4,,,0,65,,7458,4,,,0,35,,7459,4,,,0,80,,7460,4,,,0,75,,7461,4,,,0,40,,7462,4,,,0,80,,7463,4,,,0,80,,7464,4,,,0,40,,7465,4,,,0,80,,7466,4,,,0,80,,7467,4,,,0,25,,7468,4,,,0,25,,7469,4,,,0,65,,7470,4,,,0,25,,7471,4,,,0,65,,7472,4,,,0,25,,7473,4,,,0,25,,7474,4,,,0,65,,7475,4,,,0,25,,7476,4,,,0,65,,7477,4,,,0,25,,7478,4,,,0,65,,7479,4,,,0,25,,7480,4,,,0,25,,7481,4,,,0,75,,7482,4,,,0,80,,7483,4,,,0,40,,7484,4,,,0,80,,7485,4,,,0,80,,7486,4,,,0,38,,7487,4,,,0,70,,7488,4,,,0
