200,'Saturday-01',619,,5237,1,,,0,30,,5238,1,,,0,66,,5239,1,,,0,30,,5240,1,,,0,70,,5241,1,,,0,30,,5242,1,,,0,70,,5243,1,,,0,30,,5244,1,,,0,70,,5245,1,,,0,30,,5246,1,,,0,70,,5247,1,,,0,30,,5248,1,,,0,70,,5249,1,,,0,30,,5250,1,,,0,70,,5251,1,,,0,30,,5252,1,,,0,70,,5253,1,,,0,30,,5254,1,,,0,70,,5255,1,,,0,30,,5256,1,,,0,70,,5257,1,,,0,30,,5258,1,,,0,70,,5259,1,,,0,30,,5260,1,,,0,70,,5261,1,,,0,30,,5262,1,,,0,70,,5264,1,,,0,30,,5265,1,,,0,70,,5266,1,,,0,30,,5267,1,,,0,100,,5268,1,,,0,100,,5269,1,,,0,100,,5270,1,,,0
200,'Sunday-01',805,,5271,1,,,0,30,,5272,1,,,0,70,,5273,1,,,0,30,,5274,1,,,0,70,,5275,1,,,0,30,,5276,1,,,0,70,,5277,1,,,0,30,,5278,1,,,0,70,,5279,1,,,0,30,,5280,1,,,0,70,,5281,1,,,0,30,,5282,1,,,0,70,,5283,1,,,0,30,,5284,1,,,0,70,,5285,1,,,0,30,,5286,1,,,0,70,,5287,1,,,0,30,,5288,1,,,0,70,,5289,1,,,0
200,'Weekday-01',550,,5291,1,,,0,70,,5290,1,,,0,10,,5331,1,,,0,15,,5294,1,,,0,55,,5295,1,,,0,15,,5296,1,,,0,15,,5297,1,,,0,15,,5292,1,,,0,55,,5293,1,,,0,30,,5298,1,,,0,70,,5299,1,,,0,17,,5322,1,,,0,30,,5303,1,,,0,70,,5304,1,,,0,30,,5305,1,,,0,70,,5306,1,,,0,30,,5307,1,,,0,70,,5308,1,,,0,30,,5309,1,,,0,70,,5300,1,,,0,32,,5301,1,,,0,65,,5302,1,,,0,26,,5310,1,,,0,60,,5311,1,,,0,15,,5312,1,,,0,15,,5313,1,,,0,15,,5314,1,,,0,55,,5315,1,,,0,15,,5316,1,,,0,15,,5317,1,,,0,15,,5318,1,,,0,70,,5323,1,,,0,30,,5324,1,,,0,70,,5325,1,,,0,30,,5326,1,,,0,70,,5327,1,,,0,30,,5319,1,,,0,70,,5320,1,,,0,30,,5321,1,,,0,70,,5332,1,,,0,30,,5328,1,,,0,70,,5333,1,,,0,30,,5329,1,,,0,70,,5334,1,,,0,30,,5330,1,,,0
201,'Saturday-01',710,,5335,70,4,,0,30,,5336,70,4,,0,70,,5337,70,4,,0,30,,5338,70,4,,0,70,,5339,70,4,,0,30,,5340,70,4,,0,70,,5341,70,4,,0,30,,5342,70,4,,0,70,,5343,70,4,,0,30,,5344,70,4,,0,70,,5345,70,4,,0,30,,5346,70,4,,0,70,,5347,70,4,,0,30,,5348,70,4,,0,70,,5349,70,4,,0,30,,5350,70,4,,0,70,,5351,70,4,,0,30,,5352,70,4,,0,70,,5353,70,4,,0,30,,5354,70,4,,0,70,,5355,70,4,,0,30,,5356,70,4,,0,70,,5357,70,4,,0,30,,5358,70,4,,0,70,,5359,70,4,,0,30,,5360,70,4,,0,70,,5361,70,4,,0,30,,5362,70,4,,0,66,,5363,70,4,,0,34,,5364,70,4,,0,100,,5365,70,4,,0,100,,5366,70,4,,0,100,,5367,70,4,,0
201,'Sunday-01',900,,5368,70,4,,0,30,,5369,70,4,,0,70,,5370,70,4,,0,30,,5371,70,4,,0,70,,5372,70,4,,0,30,,5373,70,4,,0,70,,5374,70,4,,0,30,,5375,70,4,,0,70,,5376,70,4,,0,30,,5377,70,4,,0,70,,5378,70,4,,0,30,,5379,70,4,,0,70,,5380,70,4,,0,30,,5381,70,4,,0,70,,5382,70,4,,0,30,,5383,70,4,,0,70,,5384,70,4,,0,30,,5385,70,4,,0,70,,5386,70,4,,0,30,,5387,70,4,,0
201,'Weekday-01',550,,5388,13,4,,0,70,,5389,13,4,,0,20,,5390,70,4,,0,70,,5391,70,4,,0,15,,5392,70,4,,0,15,,5393,70,4,,0,15,,5394,70,4,,0,55,,5395,70,4,,0,15,,5396,70,4,,0,15,,5429,70,4,,0,15,,5397,70,4,,0,57,,5398,70,4,,0,30,,5428,70,4,,0,70,,5399,70,4,,0,30,,5400,70,4,,0,70,,5401,70,4,,0,30,,5402,70,4,,0,70,,5403,70,4,,0,30,,5404,70,4,,0,70,,5405,70,4,,0,30,,5406,70,4,,0,65,,5407,70,4,,0,28,,5408,70,4,,0,75,,5409,70,4,,0,30,,5410,70,4,,0,15,,5411,70,4,,0,55,,5412,70,4,,0,15,,5413,70,4,,0,15,,5414,70,4,,0,15,,5415,70,4,,0,55,,5416,70,4,,0,15,,5417,70,4,,0,15,,5418,70,4,,0,70,,5419,70,4,,0,30,,5420,70,4,,0,70,,5421,70,4,,0,30,,5422,70,4,,0,70,,5423,70,4,,0,30,,5424,70,4,,0,70,,5425,70,4,,0,30,,5426,70,4,,0,70,,5427,70,4,,0,30,,5431,70,4,,0,70,,5432,70,4,,0,30,,5433,70,4,,0,70,,5434,70,4,,0,30,,5435,70,4,,0
1600,'Weekday-01',610,,6661,26,4,,0,30,,6663,1,,,0,70,,6664,1,,,0,30,,6665,1,,,0,70,,6666,1,,,0,30,,6667,1,,,0,70,,6675,1,,,0,604,,6676,20,4,,0,30,,6669,1,,,0,70,,6670,1,,,0,30,,6671,1,,,0,70,,6672,1,,,0,30,,6673,1,,,0,70,,6674,1,,,0
1700,'Weekday-01',859,,6700,37,,,0,70,,6685,40,,,0,30,,6686,40,,,0,70,,6687,40,,,0,30,,6688,40,,,0,70,,6689,40,,,0,30,,6690,40,,,0,70,,6691,40,,,0,30,,6692,40,,,0,70,,6693,40,,,0,30,,6694,40,,,0,70,,6695,40,,,0,300,,6701,37,,,0,30,,6696,40,,,0,70,,6697,40,,,0
4000,'Saturday-01',600,,7061,15,,,0,30,,7062,15,,,0,70,,7063,15,,,0,30,,7064,15,,,0,70,,7065,15,,,0,30,,7066,15,,,0,70,,7067,15,,,0,30,,7068,15,,,0,70,,7069,15,,,0,30,,7070,15,,,0,70,,7071,15,,,0,30,,7072,15,,,0,70,,7073,15,,,0,30,,7074,15,,,0,70,,7075,15,,,0,30,,7076,15,,,0,70,,7077,15,,,0,30,,7078,15,,,0,70,,7079,15,,,0,30,,7080,15,,,0,70,,7081,15,,,0,30,,7082,15,,,0,70,,7083,15,,,0,30,,7084,15,,,0,70,,7085,15,,,0,30,,7086,15,,,0,70,,7087,15,,,0,30,,7088,15,,,0,70,,7089,15,,,0,30,,7090,15,,,0,70,,7091,15,,,0,30,,7092,15,,,0,70,,7093,15,,,0,30,,7094,15,,,0,70,,7095,15,,,0,100,,7096,15,,,0
4000,'Sunday-01',800,,7097,15,,,0,30,,7098,15,,,0,70,,7099,15,,,0,30,,7100,15,,,0,70,,7101,15,,,0,30,,7102,15,,,0,70,,7103,15,,,0,30,,7104,15,,,0,70,,7105,15,,,0,30,,7106,15,,,0,70,,7107,15,,,0,30,,7108,15,,,0,70,,7109,15,,,0,30,,7110,15,,,0,70,,7111,15,,,0,30,,7112,15,,,0,70,,7113,15,,,0,30,,7114,15,,,0,70,,7115,15,,,0,30,,7116,15,,,0,70,,7117,15,,,0
4000,'Weekday-01',600,,7155,15,,,0,30,,7146,15,,,0,70,,7147,15,,,0,30,,7148,15,,,0,70,,7149,15,,,0,30,,7150,15,,,0,70,,7151,15,,,0,30,,7152,15,,,0,70,,7153,15,,,0,30,,7154,15,,,0,70,,7121,15,,,0,30,,7143,15,,,0,70,,7142,15,,,0,30,,7141,15,,,0,70,,7140,15,,,0,30,,7122,15,,,0,70,,7139,15,,,0,30,,7138,15,,,0,70,,7144,15,,,0,30,,7123,15,,,0,70,,7124,15,,,0,30,,7125,15,,,0,70,,7137,15,,,0,30,,7145,15,,,0,70,,7127,15,,,0,30,,7129,15,,,0,70,,7136,15,,,0,30,,7135,15,,,0,70,,7134,15,,,0,30,,7126,15,,,0,70,,7133,15,,,0,30,,7132,15,,,0,70,,7131,15,,,0,30,,7130,15,,,0,70,,7120,15,,,0,100,,7128,15,,,0
