400,'Saturday-01',648,,5629,49,,,0,75,,5628,49,,,0,35,,5627,49,,,0,75,,5626,49,,,0,75,,5653,49,,,0,35,,5654,49,,,0,75,,5648,49,,,0,35,,5647,49,,,0,75,,5646,49,,,0,75,,5645,49,,,0,35,,5644,49,,,0,75,,5650,49,,,0,35,,5643,49,,,0,75,,5642,49,,,0,35,,5649,49,,,0,75,,5641,49,,,0,75,,5651,49,,,0,35,,5630,49,,,0,75,,5634,49,,,0,35,,5652,49,,,0,75,,5640,49,,,0,75,,5633,49,,,0,35,,5639,49,,,0,75,,5631,49,,,0,35,,5636,49,,,0,70,,5638,49,,,0,100,,5635,49,,,0,100,,5637,49,,,0,100,,5632,49,,,0
400,'Sunday-01',833,,5655,49,,,0,75,,5656,49,,,0,35,,5665,49,,,0,75,,5662,49,,,0,35,,5672,49,,,0,75,,5657,49,,,0,75,,5671,49,,,0,35,,5664,49,,,0,75,,5670,49,,,0,35,,5658,49,,,0,75,,5669,49,,,0,35,,5661,49,,,0,75,,5668,49,,,0,75,,5659,49,,,0,35,,5667,49,,,0,75,,5663,49,,,0,35,,5666,49,,,0,80,,5660,49,,,0
400,'Weekday-01',619,,5673,49,,,0,30,,5674,49,,,0,70,,5675,49,,,0,30,,5676,49,,,0,70,,5677,49,,,0,30,,5678,49,,,0,70,,5679,49,,,0,30,,5680,49,,,0,70,,5681,49,,,0,30,,5682,49,,,0,70,,5683,49,,,0,30,,5684,49,,,0,70,,5685,49,,,0,30,,5686,49,,,0,70,,5687,49,,,0,30,,5688,49,,,0,70,,5689,49,,,0,30,,5690,49,,,0,70,,5691,49,,,0,30,,5692,49,,,0,70,,5693,49,,,0,30,,5694,49,,,0,70,,5695,49,,,0,30,,5696,49,,,0,70,,5697,49,,,0,29,,5698,49,,,0,70,,5699,49,,,0,30,,5700,49,,,0,70,,5701,49,,,0,30,,5702,49,,,0,70,,5703,49,,,0,100,,5704,49,,,0,100,,5705,49,,,0,100,,5706,49,,,0
701,'Saturday-01',633,,5964,60,,,0,100,,5965,60,,,0,70,,5966,60,,,0,30,,5967,60,,,0,70,,5968,60,,,0,30,,5969,60,,,0,70,,5970,60,,,0,30,,5971,60,,,0,70,,5972,60,,,0,30,,5973,60,,,0,70,,5974,60,,,0,30,,5975,60,,,0,70,,5976,60,,,0,30,,5977,60,,,0,70,,5978,60,,,0,30,,5979,60,,,0,70,,5980,60,,,0,30,,5981,60,,,0,70,,5982,60,,,0,30,,5983,60,,,0,70,,5984,60,,,0,30,,5985,60,,,0,70,,5986,60,,,0,30,,5987,60,,,0,70,,5988,60,,,0,100,,5991,60,,,0,45,,5992,60,,,0,70,,5993,60,,,0,100,,5994,60,,,0,100,,5995,60,,,0,100,,5990,60,,,0
701,'Sunday-01',833,,5996,60,,,0,70,,5997,60,,,0,30,,5998,60,,,0,70,,5999,60,,,0,30,,6000,60,,,0,70,,6001,60,,,0,30,,6002,60,,,0,70,,6003,60,,,0,30,,6004,60,,,0,70,,6005,60,,,0,30,,6006,60,,,0,70,,6007,60,,,0,30,,6008,60,,,0,70,,6009,60,,,0,30,,6010,60,,,0,70,,6011,60,,,0,30,,6012,60,,,0,70,,6013,60,,,0,30,,6014,60,,,0,70,,6015,60,,,0,30,,6016,60,,,0
701,'Weekday-01',603,,6017,60,,,0,30,,6018,60,,,0,70,,6019,60,,,0,20,,6020,60,,,0,10,,6021,60,,,0,15,,6022,60,,,0,55,,6023,60,,,0,15,,6024,60,,,0,15,,6025,60,,,0,70,,6026,60,,,0,30,,6027,60,,,0,70,,6028,60,,,0,30,,6029,60,,,0,70,,6030,60,,,0,30,,6031,60,,,0,70,,6032,60,,,0,30,,6033,60,,,0,70,,6034,60,,,0,30,,6035,60,,,0,70,,6036,60,,,0,30,,6037,60,,,0,70,,6038,60,,,0,30,,6039,60,,,0,70,,6040,60,,,0,25,,6041,60,,,0,30,,6042,60,,,0,75,,6043,60,,,0,70,,6044,60,,,0,30,,6045,60,,,0,70,,6046,60,,,0,100,,6047,60,,,0,45,,6048,60,,,0,69,,6049,60,,,0,100,,6050,60,,,0,100,,6051,60,,,0,100,,6052,60,,,0
801,'Saturday-01',644,,6118,41,,,0,100,,6119,41,,,0,100,,6120,41,,,0,100,,6121,41,,,0,70,,6122,41,,,0,30,,6123,41,,,0,70,,6124,41,,,0,30,,6125,41,,,0,70,,6126,41,,,0,30,,6127,41,,,0,70,,6128,41,,,0,30,,6129,41,,,0,70,,6130,41,,,0,30,,6131,41,,,0,70,,6132,41,,,0,30,,6133,41,,,0,70,,6134,41,,,0,30,,6135,41,,,0,70,,6136,41,,,0,30,,6137,41,,,0,66,,6117,41,,,0,100,,6116,41,,,0,100,,6139,41,,,0,100,,6138,41,,,0
801,'Sunday-01',825,,6140,41,,,0,100,,6141,41,,,0,100,,6142,41,,,0,100,,6143,41,,,0,100,,6144,41,,,0,100,,6145,41,,,0,100,,6146,41,,,0,100,,6147,41,,,0,100,,6148,41,,,0,100,,6149,41,,,0,100,,6150,41,,,0
801,'Weekday-01',548,,6151,41,,,0,75,,6152,41,,,0,35,,6153,41,,,0,75,,6154,41,,,0,75,,6155,41,,,0,35,,6156,41,,,0,75,,6157,41,,,0,35,,6158,41,,,0,75,,6159,41,,,0,75,,6160,41,,,0,35,,6161,41,,,0,75,,6162,41,,,0,35,,6163,41,,,0,75,,6164,41,,,0,35,,6165,41,,,0,75,,6166,41,,,0,75,,6167,41,,,0,35,,6168,41,,,0,75,,6169,41,,,0,35,,6170,41,,,0,75,,6171,41,,,0,110,,6172,41,,,0,110,,6173,41,,,0,110,,6174,41,,,0
4000,'Saturday-01',622,,7061,32,,,0,30,,7062,32,,,0,70,,7063,32,,,0,30,,7064,32,,,0,70,,7065,32,,,0,30,,7066,32,,,0,70,,7067,32,,,0,30,,7068,32,,,0,70,,7069,32,,,0,30,,7070,32,,,0,70,,7071,32,,,0,30,,7072,32,,,0,70,,7073,32,,,0,30,,7074,32,,,0,70,,7075,32,,,0,30,,7076,32,,,0,70,,7077,32,,,0,30,,7078,32,,,0,70,,7079,32,,,0,30,,7080,32,,,0,70,,7081,32,,,0,30,,7082,32,,,0,70,,7083,32,,,0,30,,7084,32,,,0,70,,7085,32,,,0,30,,7086,32,,,0,70,,7087,32,,,0,30,,7088,32,,,0,70,,7089,32,,,0,30,,7090,32,,,0,70,,7091,32,,,0,30,,7092,32,,,0,70,,7093,32,,,0,30,,7094,32,,,0,70,,7095,32,,,0,100,,7096,32,,,0
4000,'Sunday-01',822,,7097,32,,,0,30,,7098,32,,,0,70,,7099,32,,,0,30,,7100,32,,,0,70,,7101,32,,,0,30,,7102,32,,,0,70,,7103,32,,,0,30,,7104,32,,,0,70,,7105,32,,,0,30,,7106,32,,,0,70,,7107,32,,,0,30,,7108,32,,,0,70,,7109,32,,,0,30,,7110,32,,,0,70,,7111,32,,,0,30,,7112,32,,,0,70,,7113,32,,,0,30,,7114,32,,,0,70,,7115,32,,,0,30,,7116,32,,,0,70,,7117,32,,,0
4000,'Weekday-01',622,,7155,32,,,0,30,,7146,32,,,0,70,,7147,32,,,0,30,,7148,32,,,0,70,,7149,32,,,0,30,,7150,32,,,0,70,,7151,32,,,0,30,,7152,32,,,0,70,,7153,32,,,0,30,,7154,32,,,0,70,,7121,32,,,0,30,,7143,32,,,0,70,,7142,32,,,0,30,,7141,32,,,0,70,,7140,32,,,0,30,,7122,32,,,0,70,,7139,32,,,0,30,,7138,32,,,0,70,,7144,32,,,0,30,,7123,32,,,0,70,,7124,32,,,0,30,,7125,32,,,0,70,,7137,32,,,0,30,,7145,32,,,0,70,,7127,32,,,0,30,,7129,32,,,0,70,,7136,32,,,0,30,,7135,32,,,0,70,,7134,32,,,0,30,,7126,32,,,0,70,,7133,32,,,0,30,,7132,32,,,0,70,,7131,32,,,0,30,,7130,32,,,0,70,,7120,32,,,0,100,,7128,32,,,0
