700,'Saturday-01',648,,5877,50,,,0,100,,5878,50,,,0,70,,5879,50,,,0,30,,5880,50,,,0,70,,5881,50,,,0,30,,5882,50,,,0,70,,5883,50,,,0,30,,5884,50,,,0,70,,5885,50,,,0,30,,5886,50,,,0,70,,5887,50,,,0,30,,5888,50,,,0,70,,5889,50,,,0,30,,5890,50,,,0,70,,5891,50,,,0,30,,5892,50,,,0,70,,5893,50,,,0,30,,5894,50,,,0,70,,5895,50,,,0,30,,5896,50,,,0,70,,5897,50,,,0,30,,5898,50,,,0,71,,5899,50,,,0,84,,5900,50,,,0,45,,5901,50,,,0,70,,5902,50,,,0,99,,5903,50,,,0,100,,5904,50,,,0,100,,5905,50,,,0,100,,5906,50,,,0
700,'Sunday-01',849,,5917,50,,,0,70,,5918,50,,,0,30,,5919,50,,,0,70,,5920,50,,,0,30,,5921,50,,,0,70,,5922,50,,,0,30,,5923,50,,,0,70,,5924,50,,,0,30,,5925,50,,,0,70,,5926,50,,,0,30,,5916,50,,,0,70,,5912,50,,,0,30,,5907,50,,,0,70,,5908,50,,,0,30,,5909,50,,,0,70,,5910,50,,,0,30,,5911,50,,,0,70,,5913,50,,,0,30,,5914,50,,,0,70,,5915,50,,,0
700,'Weekday-01',618,,5927,50,,,0,30,,5928,50,,,0,55,,5929,50,0,7,0,15,,5930,50,,,0,15,,5931,50,,,0,15,,5932,50,,,0,57,,5933,50,,,0,13,,5934,50,,,0,15,,5935,50,,,0,15,,5936,50,,,0,55,,5937,50,,,0,15,,5938,50,,,0,30,,5939,50,,,0,70,,5940,50,,,0,30,,5941,50,,,0,70,,5942,50,,,0,30,,5943,50,,,0,70,,5944,50,,,0,30,,5945,50,,,0,70,,5946,50,,,0,30,,5947,50,,,0,70,,5948,50,,,0,30,,5949,50,,,0,65,,5950,50,,,0,30,,5951,50,,,0,70,,5952,50,,,0,30,,5953,50,,,0,70,,5954,50,,,0,30,,5955,50,,,0,75,,5956,50,,,0,85,,5957,50,,,0,45,,5958,50,,,0,70,,5959,50,,,0,100,,5960,50,,,0,100,,5961,50,,,0,100,,5962,50,,,0,100,,5963,50,,,0
801,'Saturday-01',654,,6118,53,,,0,100,,6119,53,,,0,100,,6120,53,,,0,100,,6121,53,,,0,70,,6122,53,,,0,30,,6123,53,,,0,70,,6124,53,,,0,30,,6125,53,,,0,70,,6126,53,,,0,30,,6127,53,,,0,70,,6128,53,,,0,30,,6129,53,,,0,70,,6130,53,,,0,30,,6131,53,,,0,70,,6132,53,,,0,30,,6133,53,,,0,70,,6134,53,,,0,30,,6135,53,,,0,70,,6136,53,,,0,30,,6137,53,,,0,65,,6117,53,,,0,100,,6116,53,,,0,100,,6139,53,,,0,100,,6138,53,,,0
801,'Sunday-01',834,,6140,53,,,0,100,,6141,53,,,0,100,,6142,53,,,0,100,,6143,53,,,0,100,,6144,53,,,0,100,,6145,53,,,0,100,,6146,53,,,0,100,,6147,53,,,0,100,,6148,53,,,0,100,,6149,53,,,0,100,,6150,53,,,0
801,'Weekday-01',600,,6151,53,,,0,35,,6152,53,,,0,75,,6153,53,,,0,35,,6154,53,,,0,75,,6155,53,,,0,35,,6156,53,,,0,75,,6157,53,,,0,75,,6158,53,,,0,35,,6159,53,,,0,75,,6160,53,,,0,35,,6161,53,,,0,75,,6162,53,,,0,75,,6163,53,,,0,35,,6164,53,,,0,75,,6165,53,,,0,35,,6166,53,,,0,75,,6167,53,,,0,35,,6168,53,,,0,75,,6169,53,,,0,75,,6170,53,,,0,35,,6171,53,,,0,110,,6172,53,,,0,150,,6173,53,,,0,110,,6174,53,,,0
1500,'Saturday-01',815,,6647,6,,,0,90,,6636,27,,,0,50,,6637,27,,,0,90,,6638,27,,,0,90,,6639,27,,,0,90,,6640,27,,,0,90,,6641,27,,,0,90,,6642,27,,,0,50,,6643,27,,,0,90,,6644,27,,,0,90,,6645,27,,,0,90,,6646,27,,,0,88,,6635,27,,,0
1500,'Weekday-01',815,,6660,6,,,0,90,,6648,27,,,0,50,,6650,27,,,0,90,,6651,27,,,0,90,,6652,27,,,0,90,,6653,27,,,0,90,,6654,27,,,0,90,,6655,27,,,0,50,,6656,27,,,0,90,,6657,27,,,0,90,,6658,27,,,0,90,,6659,27,,,0,88,,6649,27,,,0
6000,'Saturday-01',700,,7411,6,,,0,40,,7412,6,,,0,80,,7413,6,,,0,80,,7414,6,,,0,40,,7415,6,,,0,80,,7416,6,,,0,80,,7417,6,,,0,40,,7418,6,,,0,80,,7419,6,,,0,80,,7420,6,,,0,40,,7421,6,,,0,80,,7422,6,,,0,80,,7423,6,,,0,40,,7424,6,,,0,80,,7425,6,,,0,80,,7426,6,,,0,40,,7427,6,,,0,80,,7428,6,,,0,80,,7429,6,,,0,40,,7430,6,,,0,80,,7431,6,,,0,80,,7432,6,,,0,40,,7433,6,,,0,80,,7434,6,,,0,80,,7435,6,,,0,38,,7436,6,,,0,80,,7437,6,,,0
6000,'Sunday-01',835,,7438,6,,,0,80,,7439,6,,,0,40,,7440,6,,,0,80,,7441,6,,,0,80,,7442,6,,,0,40,,7443,6,,,0,80,,7444,6,,,0,80,,7445,6,,,0,40,,7446,6,,,0,80,,7447,6,,,0,80,,7448,6,,,0,40,,7449,6,,,0,80,,7450,6,,,0,80,,7451,6,,,0,40,,7452,6,,,0,80,,7453,6,,,0
6000,'Weekday-01',635,,7454,6,,,0,65,,7455,6,,,0,25,,7456,6,,,0,25,,7457,6,,,0,65,,7458,6,,,0,35,,7459,6,,,0,80,,7460,6,,,0,75,,7461,6,,,0,40,,7462,6,,,0,80,,7463,6,,,0,80,,7464,6,,,0,40,,7465,6,,,0,80,,7466,6,,,0,80,,7467,6,,,0,25,,7468,6,,,0,25,,7469,6,,,0,65,,7470,6,,,0,25,,7471,6,,,0,65,,7472,6,,,0,25,,7473,6,,,0,65,,7474,6,,,0,25,,7475,6,,,0,25,,7476,6,,,0,65,,7477,6,,,0,25,,7478,6,,,0,65,,7479,6,,,0,25,,7480,6,,,0,25,,7481,6,,,0,75,,7482,6,,,0,80,,7483,6,,,0,40,,7484,6,,,0,80,,7485,6,,,0,80,,7486,6,,,0,38,,7487,6,,,0,70,,7488,6,,,0
