201,'Saturday-01',639,,5335,33,,,0,70,,5336,33,,,0,30,,5337,33,,,0,70,,5338,33,,,0,30,,5339,33,,,0,70,,5340,33,,,0,30,,5341,33,,,0,70,,5342,33,,,0,30,,5343,33,,,0,70,,5344,33,,,0,30,,5345,33,,,0,70,,5346,33,,,0,30,,5347,33,,,0,70,,5348,33,,,0,30,,5349,33,,,0,70,,5350,33,,,0,30,,5351,33,,,0,70,,5352,33,,,0,30,,5353,33,,,0,70,,5354,33,,,0,30,,5355,33,,,0,70,,5356,33,,,0,30,,5357,33,,,0,70,,5358,33,,,0,30,,5359,33,,,0,70,,5360,33,,,0,30,,5361,33,,,0,70,,5362,33,,,0,30,,5363,33,,,0,70,,5364,33,,,0,99,,5365,33,,,0,100,,5366,33,,,0,100,,5367,33,,,0
201,'Sunday-01',825,,5368,33,,,0,30,,5369,33,,,0,70,,5370,33,,,0,30,,5371,33,,,0,70,,5372,33,,,0,30,,5373,33,,,0,70,,5374,33,,,0,30,,5375,33,,,0,70,,5376,33,,,0,30,,5377,33,,,0,70,,5378,33,,,0,30,,5379,33,,,0,70,,5380,33,,,0,30,,5381,33,,,0,70,,5382,33,,,0,30,,5383,33,,,0,70,,5384,33,,,0,30,,5385,33,,,0,70,,5386,33,,,0,30,,5387,33,,,0
201,'Weekday-01',609,,5390,33,,,0,30,,5391,33,,,0,15,,5392,33,,,0,55,,5393,33,,,0,15,,5394,33,,,0,15,,5395,33,,,0,15,,5396,33,,,0,55,,5429,33,,,0,15,,5397,33,,,0,15,,5398,33,,,0,16,,5430,33,,,0,54,,5428,33,,,0,30,,5399,33,,,0,70,,5400,33,,,0,30,,5401,33,,,0,70,,5402,33,,,0,30,,5403,33,,,0,70,,5404,33,,,0,30,,5405,33,,,0,70,,5406,33,,,0,25,,5407,33,,,0,70,,5408,33,,,0,35,,5409,33,,,0,70,,5410,33,,,0,15,,5411,33,,,0,15,,5412,33,,,0,13,,5413,33,,,0,57,,5414,33,,,0,15,,5415,33,,,0,15,,5416,33,,,0,15,,5417,33,,,0,55,,5418,33,,,0,30,,5419,33,,,0,70,,5420,33,,,0,30,,5421,33,,,0,70,,5422,33,,,0,30,,5423,33,,,0,70,,5424,33,,,0,30,,5425,33,,,0,70,,5426,33,,,0,30,,5427,33,,,0,70,,5431,33,,,0,30,,5432,33,,,0,70,,5433,33,,,0,30,,5434,33,,,0,70,,5435,33,,,0
301,'Saturday-01',703,,5554,11,,,0,30,,5531,11,,,0,70,,5532,11,,,0,30,,5533,11,,,0,70,,5534,11,,,0,30,,5535,11,,,0,70,,5536,11,,,0,30,,5537,11,,,0,70,,5538,11,,,0,30,,5555,11,,,0,70,,5539,11,,,0,30,,5556,11,,,0,70,,5557,11,,,0,30,,5558,11,,,0,70,,5559,11,,,0,30,,5540,11,,,0,70,,5541,11,,,0,30,,5560,11,,,0,70,,5542,11,,,0,30,,5543,11,,,0,70,,5544,11,,,0,30,,5545,11,,,0,70,,5561,11,,,0,30,,5562,11,,,0,79,,5546,10,,,0,30,,5547,10,,,0,70,,5548,10,,,0,30,,5549,10,,,0,70,,5550,10,,,0,100,,5551,10,,,0,100,,5552,10,,,0,100,,5553,10,,,0
301,'Sunday-01',826,,5563,11,,,0,30,,5574,11,,,0,70,,5575,11,,,0,30,,5576,11,,,0,70,,5577,11,,,0,30,,5578,11,,,0,70,,5579,11,,,0,30,,5580,11,,,0,70,,5581,11,,,0,30,,5582,11,,,0,70,,5583,11,,,0,30,,5564,11,,,0,70,,5565,11,,,0,30,,5566,11,,,0,70,,5567,11,,,0,30,,5568,11,,,0,70,,5569,11,,,0,30,,5570,11,,,0,70,,5571,11,,,0,30,,5572,11,,,0,70,,5573,11,,,0
301,'Weekday-01',557,,5584,11,,,0,70,,5585,11,,,0,30,,5586,11,,,0,55,,5587,11,,,0,15,,5588,11,,,0,15,,5589,11,,,0,15,,5590,11,,,0,55,,5591,11,,,0,15,,5592,11,,,0,30,,5593,11,,,0,70,,5594,11,,,0,30,,5595,11,,,0,70,,5596,11,,,0,30,,5597,11,,,0,70,,5598,11,,,0,30,,5599,11,,,0,70,,5600,11,,,0,30,,5601,11,,,0,70,,5602,11,,,0,30,,5603,11,,,0,70,,5604,11,,,0,30,,5605,11,,,0,55,,5606,11,,,0,15,,5607,11,,,0,15,,5608,11,,,0,15,,5609,11,,,0,70,,5610,11,,,0,15,,5611,11,,,0,15,,5612,11,,,0,55,,5613,11,,,0,30,,5614,11,,,0,70,,5615,10,,,0,30,,5616,10,,,0,70,,5617,10,,,0,30,,5618,10,,,0,70,,5619,10,,,0,30,,5620,10,,,0,70,,5621,10,,,0,30,,5625,10,,,0,70,,5624,11,,,0,100,,5622,10,,,0,100,,5623,10,,,0
1201,'Saturday-01',640,,6564,36,,,0,100,,6565,36,,,0,100,,6566,36,,,0,70,,6570,46,,,0,30,,6571,46,,,0,70,,6572,46,,,0,30,,6573,46,,,0,70,,6574,46,,,0,30,,6575,46,,,0,70,,6576,46,,,0,30,,6577,46,,,0,70,,6578,46,,,0,30,,6579,46,,,0,70,,6580,46,,,0,30,,6581,46,,,0,70,,6582,46,,,0,30,,6583,46,,,0,70,,6584,46,,,0,30,,6585,46,,,0,70,,6586,46,,,0,30,,6569,46,,,0,70,,6568,46,,,0,100,,6567,33,,,0,100,,6590,33,,,0,100,,6591,33,,,0,100,,6587,33,,,0,100,,6588,33,,,0,100,,6589,33,,,0
1201,'Sunday-01',826,,6592,36,,,0,100,,6593,36,,,0,100,,6594,36,,,0,100,,6595,36,,,0,100,,6596,36,,,0,100,,6597,36,,,0,100,,6598,36,,,0,100,,6599,36,,,0,100,,6600,36,,,0,100,,6601,36,,,0,100,,6602,36,,,0
1201,'Weekday-01',640,,6628,43,,,0,70,,6629,43,,,0,30,,6630,43,,,0,70,,6631,43,,,0,30,,6632,43,,,0,70,,6609,46,,,0,30,,6620,46,,,0,70,,6621,46,,,0,30,,6622,46,,,0,70,,6623,46,,,0,30,,6624,46,,,0,70,,6625,46,,,0,30,,6626,46,,,0,70,,6627,46,,,0,30,,6610,46,,,0,70,,6611,46,,,0,30,,6612,46,,,0,70,,6613,46,,,0,30,,6619,46,,,0,70,,6614,46,,,0,30,,6615,46,,,0,70,,6616,46,,,0,30,,6617,46,,,0,70,,6618,46,,,0,30,,6634,46,,,0,70,,6603,33,,,0,100,,6604,33,,,0,100,,6605,33,,,0,100,,6606,33,,,0,100,,6607,33,,,0,100,,6608,33,,,0
3001,'Weekday-01',730,,7046,6,,,0,70,,7040,6,,,0,30,,7047,6,,,0,70,,7048,6,,,0,30,,7049,6,,,0,70,,7050,6,,,0,30,,7041,6,,,0,70,,7042,6,,,0,30,,7051,6,,,0,78,,7052,6,,,0,30,,7053,6,,,0,70,,7054,6,,,0,30,,7055,6,,,0,70,,7043,6,,,0,30,,7056,6,,,0,70,,7057,6,,,0,30,,7058,6,,,0,70,,7059,6,,,0,30,,7044,6,,,0,70,,7045,6,,,0,30,,7060,6,,,0
