201,'Saturday-01',648,,5335,39,,,0,70,,5336,39,,,0,30,,5337,39,,,0,70,,5338,39,,,0,30,,5339,39,,,0,70,,5340,39,,,0,30,,5341,39,,,0,70,,5342,39,,,0,30,,5343,39,,,0,70,,5344,39,,,0,30,,5345,39,,,0,70,,5346,39,,,0,30,,5347,39,,,0,70,,5348,39,,,0,30,,5349,39,,,0,70,,5350,39,,,0,30,,5351,39,,,0,70,,5352,39,,,0,30,,5353,39,,,0,70,,5354,39,,,0,30,,5355,39,,,0,70,,5356,39,,,0,30,,5357,39,,,0,70,,5358,39,,,0,30,,5359,39,,,0,70,,5360,39,,,0,30,,5361,39,,,0,70,,5362,39,,,0,29,,5363,39,,,0,71,,5364,39,,,0,100,,5365,39,,,0,100,,5366,39,,,0,100,,5367,39,,,0
201,'Sunday-01',833,,5368,39,,,0,70,,5369,39,,,0,30,,5370,39,,,0,70,,5371,39,,,0,30,,5372,39,,,0,70,,5373,39,,,0,30,,5374,39,,,0,70,,5375,39,,,0,30,,5376,39,,,0,70,,5377,39,,,0,30,,5378,39,,,0,70,,5379,39,,,0,30,,5380,39,,,0,70,,5381,39,,,0,30,,5382,39,,,0,70,,5383,39,,,0,30,,5384,39,,,0,70,,5385,39,,,0,30,,5386,39,,,0,70,,5387,39,,,0
201,'Weekday-01',618,,5390,39,,,0,30,,5391,39,,,0,55,,5392,39,,,0,15,,5393,39,,,0,15,,5394,39,,,0,15,,5395,39,,,0,55,,5396,39,,,0,15,,5429,39,,,0,15,,5397,39,,,0,15,,5398,39,,,0,70,,5428,39,,,0,30,,5399,39,,,0,70,,5400,39,,,0,30,,5401,39,,,0,70,,5402,39,,,0,30,,5403,39,,,0,70,,5404,39,,,0,30,,5405,39,,,0,70,,5406,39,,,0,25,,5407,39,,,0,70,,5408,39,,,0,35,,5409,39,,,0,70,,5410,39,,,0,15,,5411,39,,,0,15,,5412,39,,,0,55,,5413,39,,,0,15,,5414,39,,,0,15,,5415,39,,,0,15,,5416,39,,,0,55,,5417,39,,,0,15,,5418,39,,,0,30,,5419,39,,,0,70,,5420,39,,,0,30,,5421,39,,,0,70,,5422,39,,,0,30,,5423,39,,,0,70,,5424,39,,,0,30,,5425,39,,,0,70,,5426,39,,,0,30,,5427,39,,,0,70,,5431,39,,,0,30,,5432,39,,,0,70,,5433,39,,,0,30,,5434,39,,,0,70,,5435,39,,,0
301,'Saturday-01',707,,5554,17,,,0,30,,5531,17,,,0,70,,5532,17,,,0,30,,5533,17,,,0,70,,5534,17,,,0,30,,5535,17,,,0,70,,5536,17,,,0,30,,5537,17,,,0,70,,5538,17,,,0,30,,5555,17,,,0,70,,5539,17,,,0,30,,5556,17,,,0,70,,5557,17,,,0,30,,5558,17,,,0,70,,5559,17,,,0,30,,5540,17,,,0,70,,5541,17,,,0,30,,5560,17,,,0,70,,5542,17,,,0,30,,5543,17,,,0,70,,5544,17,,,0,30,,5545,17,,,0,70,,5561,17,,,0,30,,5562,17,,,0,80,,5546,16,,,0,30,,5547,16,,,0,70,,5548,16,,,0,30,,5549,16,,,0,70,,5550,16,,,0,100,,5551,16,,,0,100,,5552,16,,,0,100,,5553,16,,,0
301,'Sunday-01',832,,5563,17,,,0,70,,5574,17,,,0,30,,5575,17,,,0,70,,5576,17,,,0,30,,5577,17,,,0,70,,5578,17,,,0,30,,5579,17,,,0,70,,5580,17,,,0,30,,5581,17,,,0,70,,5582,17,,,0,30,,5583,17,,,0,70,,5564,17,,,0,30,,5565,17,,,0,70,,5566,17,,,0,30,,5567,17,,,0,70,,5568,17,,,0,30,,5569,17,,,0,70,,5570,17,,,0,30,,5571,17,,,0,70,,5572,17,,,0,30,,5573,17,,,0
301,'Weekday-01',602,,5584,17,,,0,30,,5585,17,,,0,70,,5586,17,,,0,15,,5587,17,,,0,15,,5588,17,,,0,15,,5589,17,,,0,55,,5590,17,,,0,15,,5591,17,,,0,15,,5592,17,,,0,70,,5593,17,,,0,30,,5594,17,,,0,70,,5595,17,,,0,30,,5596,17,,,0,70,,5597,17,,,0,30,,5598,17,,,0,70,,5599,17,,,0,30,,5600,17,,,0,70,,5601,17,,,0,30,,5602,17,,,0,70,,5603,17,,,0,30,,5604,17,,,0,70,,5605,17,,,0,15,,5606,17,,,0,15,,5607,17,,,0,15,,5608,17,,,0,55,,5609,17,,,0,30,,5610,17,,,0,15,,5611,17,,,0,55,,5612,17,,,0,15,,5613,17,,,0,30,,5614,17,,,0,70,,5615,16,,,0,30,,5616,16,,,0,70,,5617,16,,,0,30,,5618,16,,,0,70,,5619,16,,,0,30,,5620,16,,,0,70,,5621,16,,,0,30,,5625,16,,,0,70,,5624,17,,,0,100,,5622,16,,,0,100,,5623,16,,,0
401,'Saturday-01',645,,5708,34,,,0,75,,5707,34,,,0,35,,5709,34,,,0,75,,5710,34,,,0,75,,5711,34,,,0,35,,5712,34,,,0,75,,5713,34,,,0,35,,5714,34,,,0,75,,5715,34,,,0,75,,5716,34,,,0,35,,5717,34,,,0,75,,5718,34,,,0,35,,5719,34,,,0,75,,5720,34,,,0,35,,5721,34,,,0,75,,5722,34,,,0,75,,5723,34,,,0,35,,5724,34,,,0,75,,5725,34,,,0,35,,5726,34,,,0,75,,5727,34,,,0,75,,5728,34,,,0,35,,5729,34,,,0,75,,5730,34,,,0,35,,5731,34,,,0,74,,5732,34,,,0,100,,5733,34,,,0,100,,5734,34,,,0,100,,5735,34,,,0
401,'Sunday-01',836,,5736,34,,,0,70,,5737,34,,,0,35,,5738,34,,,0,75,,5739,34,,,0,35,,5740,34,,,0,75,,5741,34,,,0,75,,5742,34,,,0,35,,5743,34,,,0,75,,5744,34,,,0,35,,5745,34,,,0,75,,5746,34,,,0,35,,5747,34,,,0,75,,5748,34,,,0,75,,5749,34,,,0,35,,5750,34,,,0,75,,5751,34,,,0,35,,5752,34,,,0,85,,5753,34,,,0
401,'Weekday-01',601,,5754,34,,,0,30,,5755,34,,,0,70,,5756,34,,,0,30,,5757,34,,,0,70,,5758,34,,,0,30,,5759,34,,,0,70,,5760,34,,,0,30,,5761,34,,,0,70,,5762,34,,,0,30,,5763,34,,,0,70,,5764,34,,,0,30,,5765,34,,,0,70,,5766,34,,,0,30,,5767,34,,,0,70,,5768,34,,,0,30,,5769,34,,,0,70,,5770,34,,,0,30,,5771,34,,,0,70,,5772,34,,,0,30,,5773,34,,,0,70,,5774,34,,,0,30,,5775,34,,,0,70,,5776,34,,,0,30,,5777,34,,,0,70,,5778,34,,,0,29,,5779,34,,,0,90,,5780,34,,,0,25,,5781,34,,,0,70,,5782,34,,,0,30,,5783,34,,,0,75,,5784,34,,,0,100,,5785,34,,,0,100,,5786,34,,,0,100,,5787,34,,,0
500,'Saturday-01',702,,5788,5,,,0,100,,5789,5,,,0,100,,5790,5,,,0,100,,5791,5,,,0,100,,5792,5,,,0,100,,5793,5,,,0,100,,5794,5,,,0,100,,5795,5,,,0,100,,5796,5,,,0,100,,5797,5,,,0,100,,5798,5,,,0,101,,5799,5,,,0
500,'Weekday-01',613,,5801,5,,,0,30,,5802,5,,,0,70,,5803,5,,,0,30,,5804,5,,,0,70,,5805,5,,,0,90,,5806,5,,,0,100,,5807,5,,,0,100,,5808,5,,,0,100,,5809,5,,,0,100,,5810,5,,,0,100,,5811,5,,,0,100,,5812,5,,,0,110,,5813,5,,,0,30,,5814,5,,,0,70,,5815,5,,,0,35,,5816,5,,,0
4001,'Saturday-01',622,,7157,37,,,0,100,,7158,37,,,0,30,,7159,37,,,0,70,,7160,37,,,0,30,,7161,37,,,0,70,,7162,37,,,0,30,,7163,37,,,0,70,,7164,37,,,0,30,,7165,37,,,0,70,,7166,37,,,0,30,,7167,37,,,0,70,,7168,37,,,0,30,,7169,37,,,0,70,,7170,37,,,0,30,,7171,37,,,0,70,,7172,37,,,0,30,,7173,37,,,0,70,,7174,37,,,0,30,,7175,37,,,0,70,,7176,37,,,0,30,,7177,37,,,0,70,,7178,37,,,0,30,,7179,37,,,0,70,,7180,37,,,0,30,,7181,37,,,0,70,,7182,37,,,0,30,,7183,37,,,0,70,,7184,37,,,0,30,,7185,37,,,0,70,,7186,37,,,0,30,,7187,37,,,0,70,,7188,37,,,0,30,,7189,37,,,0,70,,7190,37,,,0,100,,7191,37,,,0
4001,'Sunday-01',822,,7193,37,,,0,30,,7194,37,,,0,70,,7195,37,,,0,30,,7196,37,,,0,70,,7197,37,,,0,30,,7198,37,,,0,70,,7199,37,,,0,30,,7200,37,,,0,70,,7201,37,,,0,30,,7202,37,,,0,70,,7203,37,,,0,30,,7204,37,,,0,70,,7205,37,,,0,30,,7206,37,,,0,70,,7207,37,,,0,30,,7208,37,,,0,70,,7209,37,,,0,30,,7210,37,,,0,70,,7211,37,,,0,30,,7212,37,,,0,70,,7213,37,,,0
4001,'Weekday-01',622,,7249,37,,,0,30,,7214,37,,,0,70,,7215,37,,,0,30,,7216,37,,,0,70,,7217,37,,,0,30,,7218,37,,,0,70,,7219,37,,,0,30,,7220,37,,,0,70,,7221,37,,,0,30,,7222,37,,,0,70,,7223,37,,,0,30,,7224,37,,,0,70,,7225,37,,,0,30,,7226,37,,,0,70,,7227,37,,,0,30,,7228,37,,,0,70,,7229,37,,,0,30,,7230,37,,,0,70,,7231,37,,,0,30,,7232,37,,,0,70,,7233,37,,,0,30,,7234,37,,,0,70,,7235,37,,,0,30,,7236,37,,,0,70,,7237,37,,,0,30,,7238,37,,,0,70,,7239,37,,,0,30,,7240,37,,,0,70,,7241,37,,,0,30,,7242,37,,,0,70,,7243,37,,,0,30,,7244,37,,,0,70,,7245,37,,,0,30,,7246,37,,,0,70,,7247,37,,,0,100,,7248,37,,,0
