101,'Saturday-01',721,,5144,26,,,0,30,,5145,26,,,0,75,,5175,22,,,0,30,,5164,22,,,0,70,,5165,22,,,0,30,,5166,22,,,0,70,,5167,22,,,0,30,,5168,22,,,0,70,,5169,22,,,0,30,,5170,22,,,0,70,,5171,22,,,0,30,,5154,24,,,0,65,,5146,26,,,0,30,,5147,26,,,0,50,,5155,24,,,0,35,,5156,24,,,0,75,,5148,26,,,0,40,,5149,26,,,0,55,,5160,24,,,0,40,,5161,22,,,0,70,,5162,22,,,0,40,,5157,24,,,0,70,,5158,24,,,0,30,,5159,24,,,0,99,,5172,22,,,0,70,,5173,22,,,0,95,,5150,26,,,0,83,,5151,26,,,0,20,,5163,22,,,0,100,,5152,26,,,0,85,,5153,26,,,0
101,'Sunday-01',807,,5177,22,,,0,100,,5178,24,,,0,100,,5179,24,,,0,100,,5180,24,,,0,100,,5181,24,,,0,105,,5184,26,,,0,100,,5185,26,,,0,105,,5186,26,,,0,100,,5187,26,,,0,100,,5182,24,,,0,107,,5183,24,,,0
101,'Weekday-01',615,,5236,22,,,0,16,,5191,19,,,0,10,,5219,22,,,0,65,,5208,19,,,0,15,,5192,26,,,0,15,,5193,26,,,0,15,,5194,26,,,0,50,,5220,22,,,0,5,,5195,26,,,0,25,,5190,19,,,0,20,,5222,22,,,0,60,,5223,22,,,0,30,,5235,22,,,0,80,,5224,22,,,0,34,,5225,22,,,0,70,,5226,22,,,0,30,,5227,22,,,0,70,,5228,22,,,0,96,,5196,26,,,0,30,,5197,26,,,0,70,,5198,26,,,0,30,,5199,26,,,0,70,,5200,26,,,0,30,,5201,26,,,0,55,,5209,24,,,0,10,,5210,24,,,0,10,,5229,22,,,0,20,,5211,24,,,0,10,,5230,22,,,0,60,,5212,24,,,0,5,,5231,22,,,0,25,,5213,24,,,0,5,,5232,22,,,0,65,,5214,24,,,0,5,,5233,22,,,0,80,,5215,24,,,0,10,,5234,22,,,0,30,,5221,22,,,0,70,,5217,22,,,0,90,,5202,26,,,0,20,,5203,26,,,0,35,,5204,26,,,0,70,,5205,26,,,0,100,,5206,26,,,0,25,,5207,26,,,0,70,,5218,22,,,0
701,'Saturday-01',631,,5964,56,,,0,100,,5965,56,,,0,70,,5966,56,,,0,30,,5967,56,,,0,70,,5968,56,,,0,30,,5969,56,,,0,70,,5970,56,,,0,30,,5971,56,,,0,70,,5972,56,,,0,30,,5973,56,,,0,70,,5974,56,,,0,30,,5975,56,,,0,70,,5976,56,,,0,30,,5977,56,,,0,70,,5978,56,,,0,30,,5979,56,,,0,70,,5980,56,,,0,30,,5981,56,,,0,70,,5982,56,,,0,30,,5983,56,,,0,70,,5984,56,,,0,30,,5985,56,,,0,70,,5986,56,,,0,30,,5987,56,,,0,70,,5988,56,,,0,100,,5991,56,,,0,45,,5992,56,,,0,70,,5993,56,,,0,100,,5994,56,,,0,100,,5995,56,,,0,100,,5990,56,,,0
701,'Sunday-01',831,,5996,56,,,0,70,,5997,56,,,0,30,,5998,56,,,0,70,,5999,56,,,0,30,,6000,56,,,0,70,,6001,56,,,0,30,,6002,56,,,0,70,,6003,56,,,0,30,,6004,56,,,0,70,,6005,56,,,0,30,,6006,56,,,0,70,,6007,56,,,0,30,,6008,56,,,0,70,,6009,56,,,0,30,,6010,56,,,0,70,,6011,56,,,0,30,,6012,56,,,0,70,,6013,56,,,0,30,,6014,56,,,0,70,,6015,56,,,0,30,,6016,56,,,0
701,'Weekday-01',601,,6017,56,,,0,30,,6018,56,,,0,70,,6019,56,,,0,20,,6020,56,,,0,10,,6021,56,,,0,15,,6022,56,,,0,55,,6023,56,,,0,15,,6024,56,,,0,15,,6025,56,,,0,70,,6026,56,,,0,30,,6027,56,,,0,70,,6028,56,,,0,30,,6029,56,,,0,70,,6030,56,,,0,30,,6031,56,,,0,70,,6032,56,,,0,30,,6033,56,,,0,70,,6034,56,,,0,30,,6035,56,,,0,70,,6036,56,,,0,30,,6037,56,,,0,70,,6038,56,,,0,30,,6039,56,,,0,70,,6040,56,,,0,25,,6041,56,,,0,30,,6042,56,,,0,75,,6043,56,,,0,70,,6044,56,,,0,30,,6045,56,,,0,70,,6046,56,,,0,100,,6047,56,,,0,45,,6048,56,,,0,70,,6049,56,,,0,100,,6050,56,,,0,100,,6051,56,,,0,100,,6052,56,,,0
901,'Saturday-01',646,,6264,37,,,0,70,,6265,37,,,0,30,,6266,37,,,0,70,,6267,37,,,0,30,,6268,37,,,0,70,,6269,37,,,0,30,,6270,37,,,0,70,,6271,37,,,0,30,,6272,37,,,0,70,,6273,37,,,0,30,,6274,37,,,0,70,,6275,37,,,0,30,,6276,37,,,0,70,,6277,37,,,0,30,,6278,37,,,0,70,,6279,37,,,0,30,,6280,37,,,0,70,,6281,37,,,0,30,,6282,37,,,0,70,,6283,37,,,0,30,,6284,37,,,0,70,,6285,37,,,0,30,,6286,37,,,0,70,,6287,37,,,0,85,,6288,37,,,0,45,,6289,37,,,0,86,,6290,37,,,0,70,,6291,37,,,0,44,,6292,37,,,0,100,,6293,37,,,0,100,,6294,37,,,0
901,'Sunday-01',816,,6313,37,,,0,30,,6303,37,,,0,70,,6314,37,,,0,30,,6304,37,,,0,70,,6315,37,,,0,30,,6305,37,,,0,70,,6295,37,,,0,30,,6306,37,,,0,70,,6296,37,,,0,30,,6307,37,,,0,70,,6297,37,,,0,30,,6308,37,,,0,70,,6298,37,,,0,30,,6309,37,,,0,70,,6299,37,,,0,30,,6310,37,,,0,70,,6300,37,,,0,30,,6311,37,,,0,70,,6301,37,,,0,30,,6312,37,,,0,70,,6302,37,,,0
901,'Weekday-01',611,,6316,37,,,0,30,,6317,37,,,0,70,,6318,37,,,0,30,,6319,37,,,0,70,,6320,37,,,0,35,,6321,37,,,0,70,,6322,37,,,0,30,,6323,37,,,0,70,,6324,37,,,0,30,,6325,37,,,0,70,,6326,37,,,0,30,,6327,37,,,0,70,,6328,37,,,0,30,,6329,37,,,0,70,,6330,37,,,0,30,,6331,37,,,0,70,,6332,37,,,0,30,,6333,37,,,0,70,,6334,37,,,0,15,,6335,37,,,0,15,,6336,37,,,0,55,,6337,37,,,0,15,,6338,37,,,0,15,,6339,37,,,0,15,,6340,37,,,0,55,,6341,37,,,0,16,,6342,37,,,0,30,,6343,37,,,0,69,,6344,37,,,0,85,,6345,37,,,0,45,,6346,37,,,0,85,,6347,37,,,0,70,,6348,37,,,0,45,,6349,37,,,0,100,,6350,37,,,0,100,,6351,37,,,0
1001,'Saturday-01',642,,6420,39,,,0,100,,6421,39,,,0,100,,6422,39,,,0,70,,6423,39,,,0,30,,6424,39,,,0,70,,6425,39,,,0,30,,6426,39,,,0,70,,6427,39,,,0,30,,6428,39,,,0,70,,6429,39,,,0,30,,6430,39,,,0,70,,6431,39,,,0,30,,6432,39,,,0,70,,6433,39,,,0,30,,6434,39,,,0,70,,6435,39,,,0,30,,6436,39,,,0,70,,6437,39,,,0,30,,6438,39,,,0,70,,6439,39,,,0,30,,6440,39,,,0,71,,6441,39,,,0,103,,6442,39,,,0,85,,6443,39,,,0,45,,6444,39,,,0,70,,6445,39,,,0,101,,6446,39,,,0
1001,'Sunday-01',832,,6448,39,,,0,100,,6449,39,,,0,100,,6450,39,,,0,100,,6451,39,,,0,100,,6452,39,,,0,100,,6453,39,,,0,100,,6454,39,,,0,100,,6455,39,,,0,100,,6456,39,,,0,100,,6457,39,,,0,100,,6458,39,,,0
1001,'Weekday-01',612,,6490,9,,,0,30,,6477,50,,,0,70,,6478,50,,,0,30,,6479,50,,,0,70,,6480,50,,,0,30,,6481,50,,,0,70,,6482,50,,,0,30,,6459,39,,,0,70,,6460,39,,,0,30,,6461,39,,,0,70,,6462,39,,,0,30,,6463,39,,,0,70,,6464,39,,,0,30,,6465,39,,,0,70,,6466,39,,,0,30,,6467,39,,,0,70,,6468,39,,,0,30,,6469,39,,,0,70,,6470,39,,,0,30,,6471,39,,,0,70,,6483,50,,,0,30,,6484,50,,,0,70,,6485,50,,,0,30,,6486,50,,,0,70,,6487,50,,,0,20,,6488,50,,,0,84,,6472,39,,,0,85,,6473,39,,,0,45,,6474,39,,,0,70,,6475,39,,,0,101,,6476,39,,,0
4000,'Saturday-01',620,,7061,28,,,0,30,,7062,28,,,0,70,,7063,28,,,0,30,,7064,28,,,0,70,,7065,28,,,0,30,,7066,28,,,0,70,,7067,28,,,0,30,,7068,28,,,0,70,,7069,28,,,0,30,,7070,28,,,0,70,,7071,28,,,0,30,,7072,28,,,0,70,,7073,28,,,0,30,,7074,28,,,0,70,,7075,28,,,0,30,,7076,28,,,0,70,,7077,28,,,0,30,,7078,28,,,0,70,,7079,28,,,0,30,,7080,28,,,0,70,,7081,28,,,0,30,,7082,28,,,0,70,,7083,28,,,0,30,,7084,28,,,0,70,,7085,28,,,0,30,,7086,28,,,0,70,,7087,28,,,0,30,,7088,28,,,0,70,,7089,28,,,0,30,,7090,28,,,0,70,,7091,28,,,0,30,,7092,28,,,0,70,,7093,28,,,0,30,,7094,28,,,0,70,,7095,28,,,0,100,,7096,28,,,0
4000,'Sunday-01',820,,7097,28,,,0,30,,7098,28,,,0,70,,7099,28,,,0,30,,7100,28,,,0,70,,7101,28,,,0,30,,7102,28,,,0,70,,7103,28,,,0,30,,7104,28,,,0,70,,7105,28,,,0,30,,7106,28,,,0,70,,7107,28,,,0,30,,7108,28,,,0,70,,7109,28,,,0,30,,7110,28,,,0,70,,7111,28,,,0,30,,7112,28,,,0,70,,7113,28,,,0,30,,7114,28,,,0,70,,7115,28,,,0,30,,7116,28,,,0,70,,7117,28,,,0
4000,'Weekday-01',620,,7155,28,,,0,30,,7146,28,,,0,70,,7147,28,,,0,30,,7148,28,,,0,70,,7149,28,,,0,30,,7150,28,,,0,70,,7151,28,,,0,30,,7152,28,,,0,70,,7153,28,,,0,30,,7154,28,,,0,70,,7121,28,,,0,30,,7143,28,,,0,70,,7142,28,,,0,30,,7141,28,,,0,70,,7140,28,,,0,30,,7122,28,,,0,70,,7139,28,,,0,30,,7138,28,,,0,70,,7144,28,,,0,30,,7123,28,,,0,70,,7124,28,,,0,30,,7125,28,,,0,70,,7137,28,,,0,30,,7145,28,,,0,70,,7127,28,,,0,30,,7129,28,,,0,70,,7136,28,,,0,30,,7135,28,,,0,70,,7134,28,,,0,30,,7126,28,,,0,70,,7133,28,,,0,30,,7132,28,,,0,70,,7131,28,,,0,30,,7130,28,,,0,70,,7120,28,,,0,100,,7128,28,,,0
5000,'Saturday-01',636,,7251,3,,,0,100,,7252,3,,,0,100,,7253,3,,,0,70,,7254,3,,,0,30,,7255,3,,,0,70,,7256,3,,,0,30,,7257,3,,,0,70,,7258,3,,,0,30,,7259,3,,,0,70,,7260,3,,,0,30,,7261,3,,,0,70,,7262,3,,,0,30,,7263,3,,,0,70,,7264,3,,,0,30,,7265,3,,,0,70,,7266,3,,,0,30,,7267,3,,,0,70,,7268,3,,,0,30,,7269,3,,,0,70,,7270,3,,,0,30,,7271,3,,,0,70,,7272,3,,,0,30,,7273,3,,,0,70,,7274,3,,,0,30,,7275,3,,,0,70,,7276,3,,,0,30,,7277,3,,,0,70,,7278,3,,,0,40,,7279,3,,,0,100,,7280,3,,,0,100,,7281,3,,,0
5000,'Sunday-01',831,,7282,3,,,0,100,,7283,3,,,0,100,,7284,3,,,0,70,,7285,3,,,0,30,,7286,3,,,0,70,,7287,3,,,0,30,,7288,3,,,0,70,,7289,3,,,0,30,,7290,3,,,0,70,,7291,3,,,0,30,,7292,3,,,0,70,,7293,3,,,0,30,,7294,3,,,0,70,,7295,3,,,0,30,,7296,3,,,0,70,,7297,3,,,0
5000,'Weekday-01',606,,7298,3,,,0,30,,7299,3,,,0,70,,7300,3,,,0,30,,7301,3,,,0,70,,7302,3,,,0,30,,7303,3,,,0,70,,7304,3,,,0,30,,7305,3,,,0,70,,7306,3,,,0,30,,7307,3,,,0,70,,7308,3,,,0,30,,7309,3,,,0,70,,7310,3,,,0,30,,7311,3,,,0,70,,7312,3,,,0,30,,7313,3,,,0,70,,7314,3,,,0,30,,7315,3,,,0,70,,7316,3,,,0,30,,7317,3,,,0,70,,7318,3,,,0,30,,7319,3,,,0,70,,7320,3,,,0,30,,7321,3,,,0,70,,7322,3,,,0,30,,7323,3,,,0,70,,7324,3,,,0,30,,7325,3,,,0,70,,7326,3,,,0,30,,7327,3,,,0,70,,7328,3,,,0,40,,7329,3,,,0,100,,7330,3,,,0,100,,7331,3,,,0
