700,'Saturday-01',614,,5877,10,,,0,100,,5878,10,,,0,30,,5879,10,,,0,70,,5880,10,,,0,30,,5881,10,,,0,70,,5882,10,,,0,30,,5883,10,,,0,70,,5884,10,,,0,30,,5885,10,,,0,70,,5886,10,,,0,30,,5887,10,,,0,70,,5888,10,,,0,30,,5889,10,,,0,70,,5890,10,,,0,30,,5891,10,,,0,70,,5892,10,,,0,30,,5893,10,,,0,70,,5894,10,,,0,30,,5895,10,,,0,70,,5896,10,,,0,30,,5897,10,,,0,70,,5898,10,,,0,30,,5899,10,,,0,85,,5900,10,,,0,85,,5901,10,,,0,30,,5902,10,,,0,104,,5903,10,,,0,100,,5904,10,,,0,100,,5905,10,,,0,100,,5906,10,,,0
700,'Sunday-01',812,,5917,10,,,0,30,,5918,10,,,0,70,,5919,10,,,0,30,,5920,10,,,0,70,,5921,10,,,0,30,,5922,10,,,0,70,,5923,10,,,0,30,,5924,10,,,0,70,,5925,10,,,0,30,,5926,10,,,0,70,,5916,10,,,0,30,,5912,10,,,0,70,,5907,10,,,0,30,,5908,10,,,0,70,,5909,10,,,0,30,,5910,10,,,0,70,,5911,10,,,0,30,,5913,10,,,0,70,,5914,10,,,0,30,,5915,10,,,0
700,'Weekday-01',542,,5927,10,,,0,70,,5928,10,,,0,15,,5929,10,0,7,0,15,,5930,10,,,0,15,,5931,10,,,0,55,,5932,10,,,0,15,,5933,10,,,0,15,,5934,10,,,0,15,,5935,10,,,0,55,,5936,10,,,0,15,,5937,10,,,0,15,,5938,10,,,0,70,,5939,10,,,0,30,,5940,10,,,0,70,,5941,10,,,0,30,,5942,10,,,0,70,,5943,10,,,0,30,,5944,10,,,0,70,,5945,10,,,0,30,,5946,10,,,0,70,,5947,10,,,0,30,,5948,10,,,0,70,,5949,10,,,0,25,,5950,10,,,0,70,,5951,10,,,0,30,,5952,10,,,0,70,,5953,10,,,0,30,,5954,10,,,0,70,,5955,10,,,0,33,,5956,10,,,0,85,,5957,10,,,0,85,,5958,10,,,0,30,,5959,10,,,0,108,,5960,10,,,0,100,,5961,10,,,0,100,,5962,10,,,0,100,,5963,10,,,0
901,'Saturday-01',708,,6264,75,,,0,30,,6265,75,,,0,70,,6266,75,,,0,30,,6267,75,,,0,70,,6268,75,,,0,30,,6269,75,,,0,70,,6270,75,,,0,30,,6271,75,,,0,70,,6272,75,,,0,30,,6273,75,,,0,70,,6274,75,,,0,30,,6275,75,,,0,70,,6276,75,,,0,30,,6277,75,,,0,70,,6278,75,,,0,30,,6279,75,,,0,70,,6280,75,,,0,30,,6281,75,,,0,70,,6282,75,,,0,30,,6283,75,,,0,70,,6284,75,,,0,30,,6285,75,,,0,70,,6286,75,,,0,30,,6287,75,,,0,82,,6288,75,,,0,85,,6289,75,,,0,49,,6290,75,,,0,70,,6291,75,,,0,81,,6292,75,,,0,100,,6293,75,,,0,100,,6294,75,,,0
901,'Sunday-01',838,,6313,75,,,0,70,,6303,75,,,0,30,,6314,75,,,0,70,,6304,75,,,0,30,,6315,75,,,0,70,,6305,75,,,0,30,,6295,75,,,0,70,,6306,75,,,0,30,,6296,75,,,0,70,,6307,75,,,0,30,,6297,75,,,0,70,,6308,75,,,0,30,,6298,75,,,0,70,,6309,75,,,0,30,,6299,75,,,0,70,,6310,75,,,0,30,,6300,75,,,0,70,,6311,75,,,0,30,,6301,75,,,0,70,,6312,75,,,0,30,,6302,75,,,0
901,'Weekday-01',637,,6316,75,,,0,70,,6317,75,,,0,30,,6318,75,,,0,70,,6319,75,,,0,30,,6320,75,,,0,72,,6321,75,,,0,30,,6322,75,,,0,70,,6323,75,,,0,30,,6324,75,,,0,70,,6325,75,,,0,30,,6326,75,,,0,70,,6327,75,,,0,30,,6328,75,,,0,70,,6329,75,,,0,30,,6330,75,,,0,70,,6331,75,,,0,30,,6332,75,,,0,70,,6333,75,,,0,30,,6334,75,,,0,15,,6335,75,,,0,55,,6336,75,,,0,15,,6337,75,,,0,15,,6338,75,,,0,15,,6339,75,,,0,55,,6340,75,,,0,15,,6341,75,,,0,22,,6342,75,,,0,70,,6343,75,,,0,27,,6344,75,,,0,78,,6345,75,,,0,83,,6346,75,,,0,45,,6347,75,,,0,70,,6348,75,,,0,85,,6349,75,,,0,100,,6350,75,,,0,100,,6351,75,,,0
1800,'Saturday-01',611,,6703,2,,,0,30,,6704,2,,,0,70,,6705,2,,,0,30,,6706,2,,,0,70,,6707,2,,,0,30,,6708,2,,,0,70,,6709,2,,,0,30,,6710,2,,,0,70,,6711,2,,,0,30,,6712,2,,,0,70,,6713,2,,,0,30,,6714,2,,,0,70,,6715,2,,,0,30,,6716,2,,,0,70,,6717,2,,,0,30,,6718,2,,,0,70,,6719,2,,,0,30,,6720,2,,,0,70,,6721,2,,,0,30,,6722,2,,,0,70,,6723,2,,,0,30,,6724,2,,,0,70,,6725,2,,,0,30,,6726,2,,,0,70,,6727,2,,,0
1800,'Sunday-01',811,,6728,2,,,0,100,,6729,2,,,0,100,,6730,2,,,0,100,,6731,2,,,0,100,,6732,2,,,0,100,,6733,2,,,0,100,,6734,2,,,0,100,,6735,2,,,0,100,,6736,2,,,0,100,,6737,2,,,0,100,,6738,2,,,0
1800,'Weekday-01',611,,6739,2,,,0,30,,6740,2,,,0,70,,6741,2,,,0,15,,6768,2,,,0,15,,6742,2,,,0,15,,6769,2,,,0,55,,6743,2,,,0,15,,6770,2,,,0,15,,6744,2,,,0,15,,6771,2,,,0,55,,6745,2,,,0,15,,6772,2,,,0,15,,6746,2,,,0,15,,6773,2,,,0,55,,6747,2,,,0,30,,6748,2,,,0,70,,6749,2,,,0,30,,6750,2,,,0,70,,6751,2,,,0,30,,6752,2,,,0,70,,6753,2,,,0,30,,6754,2,,,0,70,,6755,2,,,0,15,,6774,2,,,0,15,,6756,2,,,0,15,,6775,2,,,0,55,,6757,2,,,0,15,,6776,2,,,0,15,,6758,2,,,0,15,,6777,2,,,0,55,,6759,2,,,0,15,,6778,2,,,0,15,,6760,2,,,0,15,,6779,2,,,0,55,,6761,2,,,0,30,,6762,2,,,0,70,,6763,2,,,0,30,,6764,2,,,0,100,,6765,2,,,0,100,,6766,2,,,0,100,,6767,2,,,0
4001,'Saturday-01',544,,7157,2,,,0,100,,7158,2,,,0,70,,7159,2,,,0,30,,7160,2,,,0,70,,7161,2,,,0,30,,7162,2,,,0,70,,7163,2,,,0,30,,7164,2,,,0,70,,7165,2,,,0,30,,7166,2,,,0,70,,7167,2,,,0,30,,7168,2,,,0,70,,7169,2,,,0,30,,7170,2,,,0,70,,7171,2,,,0,30,,7172,2,,,0,70,,7173,2,,,0,30,,7174,2,,,0,70,,7175,2,,,0,30,,7176,2,,,0,70,,7177,2,,,0,30,,7178,2,,,0,70,,7179,2,,,0,30,,7180,2,,,0,70,,7181,2,,,0,30,,7182,2,,,0,70,,7183,2,,,0,30,,7184,2,,,0,70,,7185,2,,,0,30,,7186,2,,,0,70,,7187,2,,,0,30,,7188,2,,,0,70,,7189,2,,,0,30,,7190,2,,,0,70,,7192,2,,,0,30,,7191,2,,,0
4001,'Sunday-01',744,,7193,2,,,0,70,,7194,2,,,0,30,,7195,2,,,0,70,,7196,2,,,0,30,,7197,2,,,0,70,,7198,2,,,0,30,,7199,2,,,0,70,,7200,2,,,0,30,,7201,2,,,0,70,,7202,2,,,0,30,,7203,2,,,0,70,,7204,2,,,0,30,,7205,2,,,0,70,,7206,2,,,0,30,,7207,2,,,0,70,,7208,2,,,0,30,,7209,2,,,0,70,,7210,2,,,0,30,,7211,2,,,0,70,,7212,2,,,0,30,,7213,2,,,0
4001,'Weekday-01',544,,7249,2,,,0,70,,7214,2,,,0,30,,7215,2,,,0,70,,7216,2,,,0,30,,7217,2,,,0,70,,7218,2,,,0,30,,7219,2,,,0,70,,7220,2,,,0,30,,7221,2,,,0,70,,7222,2,,,0,30,,7223,2,,,0,70,,7224,2,,,0,30,,7225,2,,,0,70,,7226,2,,,0,30,,7227,2,,,0,70,,7228,2,,,0,30,,7229,2,,,0,70,,7230,2,,,0,30,,7231,2,,,0,70,,7232,2,,,0,30,,7233,2,,,0,70,,7234,2,,,0,30,,7235,2,,,0,70,,7236,2,,,0,30,,7237,2,,,0,70,,7238,2,,,0,30,,7239,2,,,0,70,,7240,2,,,0,30,,7241,2,,,0,70,,7242,2,,,0,30,,7243,2,,,0,70,,7244,2,,,0,30,,7245,2,,,0,70,,7246,2,,,0,30,,7247,2,,,0,70,,7250,2,,,0,30,,7248,2,,,0
