200,'Saturday-01',637,,5263,24,,,0,81,,5237,72,,,0,30,,5238,72,,,0,70,,5239,72,,,0,30,,5240,72,,,0,70,,5241,72,,,0,30,,5242,72,,,0,70,,5243,72,,,0,30,,5244,72,,,0,70,,5245,72,,,0,30,,5246,72,,,0,70,,5247,72,,,0,30,,5248,72,,,0,70,,5249,72,,,0,30,,5250,72,,,0,70,,5251,72,,,0,30,,5252,72,,,0,70,,5253,72,,,0,30,,5254,72,,,0,70,,5255,72,,,0,30,,5256,72,,,0,70,,5257,72,,,0,30,,5258,72,,,0,70,,5259,72,,,0,30,,5260,72,,,0,70,,5261,72,,,0,30,,5262,72,,,0,70,,5264,72,,,0,22,,5265,72,,,0,78,,5266,72,,,0,22,,5267,72,,,0,96,,5268,72,,,0,100,,5269,72,,,0,100,,5270,72,,,0
200,'Sunday-01',909,,5271,72,,,0,30,,5272,72,,,0,70,,5273,72,,,0,30,,5274,72,,,0,70,,5275,72,,,0,30,,5276,72,,,0,70,,5277,72,,,0,30,,5278,72,,,0,70,,5279,72,,,0,30,,5280,72,,,0,70,,5281,72,,,0,30,,5282,72,,,0,70,,5283,72,,,0,30,,5284,72,,,0,70,,5285,72,,,0,30,,5286,72,,,0,70,,5287,72,,,0,30,,5288,72,,,0,70,,5289,72,,,0
200,'Weekday-01',646,,5291,72,,,0,70,,5290,72,,,0,15,,5331,72,,,0,15,,5294,72,,,0,55,,5295,72,,,0,15,,5296,72,,,0,15,,5297,72,,,0,15,,5292,72,,,0,55,,5293,72,,,0,30,,5298,72,,,0,70,,5299,72,,,0,20,,5322,72,,,0,30,,5303,72,,,0,70,,5304,72,,,0,30,,5305,72,,,0,70,,5306,72,,,0,30,,5307,72,,,0,70,,5308,72,,,0,30,,5309,72,,,0,70,,5300,72,,,0,25,,5301,72,,,0,65,,5302,72,,,0,35,,5310,72,,,0,55,,5311,72,,,0,15,,5312,72,,,0,15,,5313,72,,,0,15,,5314,72,,,0,55,,5315,72,,,0,15,,5316,72,,,0,15,,5317,72,,,0,15,,5318,72,,,0,70,,5323,72,,,0,30,,5324,72,,,0,70,,5325,72,,,0,30,,5326,72,,,0,70,,5327,72,,,0,30,,5319,72,,,0,70,,5320,72,,,0,30,,5321,72,,,0,70,,5332,72,,,0,30,,5328,72,,,0,70,,5333,72,,,0,30,,5329,72,,,0,70,,5334,72,,,0,30,,5330,72,,,0
700,'Saturday-01',708,,5877,80,,,0,100,,5878,80,,,0,30,,5879,80,,,0,70,,5880,80,,,0,30,,5881,80,,,0,70,,5882,80,,,0,30,,5883,80,,,0,70,,5884,80,,,0,30,,5885,80,,,0,70,,5886,80,,,0,30,,5887,80,,,0,70,,5888,80,,,0,30,,5889,80,,,0,70,,5890,80,,,0,30,,5891,80,,,0,70,,5892,80,,,0,30,,5893,80,,,0,70,,5894,80,,,0,30,,5895,80,,,0,70,,5896,80,,,0,30,,5897,80,,,0,70,,5898,80,,,0,32,,5899,80,,,0,80,,5900,80,,,0,85,,5901,80,,,0,30,,5902,80,,,0,95,,5903,80,,,0,100,,5904,80,,,0,100,,5905,80,,,0,100,,5906,80,,,0
700,'Sunday-01',909,,5917,80,,,0,30,,5918,80,,,0,70,,5919,80,,,0,30,,5920,80,,,0,70,,5921,80,,,0,30,,5922,80,,,0,70,,5923,80,,,0,30,,5924,80,,,0,70,,5925,80,,,0,30,,5926,80,,,0,70,,5916,80,,,0,30,,5912,80,,,0,70,,5907,80,,,0,30,,5908,80,,,0,70,,5909,80,,,0,30,,5910,80,,,0,70,,5911,80,,,0,30,,5913,80,,,0,70,,5914,80,,,0,30,,5915,80,,,0
700,'Weekday-01',638,,5927,80,,,0,70,,5928,80,,,0,15,,5929,80,0,7,0,15,,5930,80,,,0,15,,5931,80,,,0,55,,5932,80,,,0,23,,5933,80,,,0,7,,5934,80,,,0,15,,5935,80,,,0,55,,5936,80,,,0,15,,5937,80,,,0,15,,5938,80,,,0,70,,5939,80,,,0,30,,5940,80,,,0,70,,5941,80,,,0,30,,5942,80,,,0,70,,5943,80,,,0,30,,5944,80,,,0,70,,5945,80,,,0,30,,5946,80,,,0,70,,5947,80,,,0,30,,5948,80,,,0,70,,5949,80,,,0,25,,5950,80,,,0,70,,5951,80,,,0,30,,5952,80,,,0,70,,5953,80,,,0,30,,5954,80,,,0,70,,5955,80,,,0,37,,5956,80,,,0,85,,5957,80,,,0,85,,5958,80,,,0,25,,5959,80,,,0,100,,5960,80,,,0,100,,5961,80,,,0,100,,5962,80,,,0,100,,5963,80,,,0
1200,'Saturday-01',827,,6513,10,,,0,30,,6514,10,,,0,65,,6494,84,,,0,30,,6495,84,,,0,70,,6496,84,,,0,30,,6497,84,,,0,70,,6498,84,,,0,30,,6499,84,,,0,70,,6500,84,,,0,30,,6501,84,,,0,70,,6502,84,,,0,30,,6503,84,,,0,70,,6504,84,,,0,30,,6505,84,,,0,70,,6506,84,,,0,30,,6507,84,,,0,70,,6508,84,,,0,30,,6509,84,,,0,70,,6510,84,,,0,30,,6515,84,,,0,70,,6516,84,,,0
1200,'Weekday-01',648,,6560,80,,,0,70,,6561,80,,,0,30,,6562,80,,,0,70,,6563,80,,,0,34,,6549,84,,,0,70,,6550,84,,,0,30,,6541,84,,,0,70,,6542,84,,,0,30,,6540,84,,,0,70,,6539,84,,,0,30,,6538,84,,,0,70,,6537,84,,,0,30,,6536,84,,,0,70,,6535,84,,,0,30,,6534,84,,,0,70,,6533,84,,,0,30,,6558,84,,,0,70,,6557,84,,,0,30,,6556,84,,,0,70,,6555,84,,,0,30,,6551,84,,,0,70,,6552,84,,,0,30,,6553,84,,,0,70,,6554,84,,,0
5000,'Saturday-01',653,,7251,20,,,0,100,,7252,20,,,0,100,,7253,20,,,0,70,,7254,20,,,0,30,,7255,20,,,0,70,,7256,20,,,0,30,,7257,20,,,0,70,,7258,20,,,0,30,,7259,20,,,0,70,,7260,20,,,0,30,,7261,20,,,0,70,,7262,20,,,0,30,,7263,20,,,0,70,,7264,20,,,0,30,,7265,20,,,0,70,,7266,20,,,0,30,,7267,20,,,0,70,,7268,20,,,0,30,,7269,20,,,0,70,,7270,20,,,0,30,,7271,20,,,0,70,,7272,20,,,0,30,,7273,20,,,0,70,,7274,20,,,0,30,,7275,20,,,0,70,,7276,20,,,0,33,,7277,20,,,0,70,,7278,20,,,0,77,,7279,20,,,0,100,,7280,20,,,0,100,,7281,20,,,0
5000,'Sunday-01',848,,7282,20,,,0,100,,7283,20,,,0,100,,7284,20,,,0,70,,7285,20,,,0,30,,7286,20,,,0,70,,7287,20,,,0,30,,7288,20,,,0,70,,7289,20,,,0,30,,7290,20,,,0,70,,7291,20,,,0,30,,7292,20,,,0,70,,7293,20,,,0,30,,7294,20,,,0,70,,7295,20,,,0,30,,7296,20,,,0,70,,7297,20,,,0
5000,'Weekday-01',624,,7298,20,,,0,30,,7299,20,,,0,70,,7300,20,,,0,30,,7301,20,,,0,70,,7302,20,,,0,30,,7303,20,,,0,70,,7304,20,,,0,30,,7305,20,,,0,70,,7306,20,,,0,30,,7307,20,,,0,70,,7308,20,,,0,30,,7309,20,,,0,70,,7310,20,,,0,30,,7311,20,,,0,70,,7312,20,,,0,30,,7313,20,,,0,70,,7314,20,,,0,30,,7315,20,,,0,70,,7316,20,,,0,30,,7317,20,,,0,70,,7318,20,,,0,30,,7319,20,,,0,70,,7320,20,,,0,30,,7321,20,,,0,70,,7322,20,,,0,30,,7323,20,,,0,70,,7324,20,,,0,30,,7325,20,,,0,70,,7326,20,,,0,32,,7327,20,,,0,70,,7328,20,,,0,78,,7329,20,,,0,100,,7330,20,,,0,100,,7331,20,,,0
