301,'Saturday-01',654,,5554,4,,,0,70,,5531,4,,,0,30,,5532,4,,,0,70,,5533,4,,,0,30,,5534,4,,,0,70,,5535,4,,,0,30,,5536,4,,,0,70,,5537,4,,,0,30,,5538,4,,,0,70,,5555,4,,,0,30,,5539,4,,,0,70,,5556,4,,,0,30,,5557,4,,,0,70,,5558,4,,,0,30,,5559,4,,,0,70,,5540,4,,,0,30,,5541,4,,,0,70,,5560,4,,,0,30,,5542,4,,,0,70,,5543,4,,,0,30,,5544,4,,,0,70,,5545,4,,,0,30,,5561,4,,,0,72,,5562,4,,,0,75,,5546,3,,,0,30,,5547,3,,,0,70,,5548,3,,,0,30,,5549,3,,,0,70,,5550,3,,,0,100,,5551,3,,,0,100,,5552,3,,,0,100,,5553,3,,,0
301,'Sunday-01',810,,5563,4,,,0,30,,5574,4,,,0,70,,5575,4,,,0,30,,5576,4,,,0,70,,5577,4,,,0,30,,5578,4,,,0,70,,5579,4,,,0,30,,5580,4,,,0,70,,5581,4,,,0,30,,5582,4,,,0,70,,5583,4,,,0,30,,5564,4,,,0,70,,5565,4,,,0,30,,5566,4,,,0,70,,5567,4,,,0,30,,5568,4,,,0,70,,5569,4,,,0,30,,5570,4,,,0,70,,5571,4,,,0,30,,5572,4,,,0,70,,5573,4,,,0
301,'Weekday-01',546,,5584,4,,,0,70,,5585,4,,,0,30,,5586,4,,,0,55,,5587,4,,,0,15,,5588,4,,,0,15,,5589,4,,,0,15,,5590,4,,,0,55,,5591,4,,,0,15,,5592,4,,,0,30,,5593,4,,,0,70,,5594,4,,,0,30,,5595,4,,,0,70,,5596,4,,,0,30,,5597,4,,,0,70,,5598,4,,,0,30,,5599,4,,,0,70,,5600,4,,,0,30,,5601,4,,,0,70,,5602,4,,,0,30,,5603,4,,,0,70,,5604,4,,,0,30,,5605,4,,,0,55,,5606,4,,,0,15,,5607,4,,,0,15,,5608,4,,,0,15,,5609,4,,,0,70,,5610,4,,,0,15,,5611,4,,,0,15,,5612,4,,,0,55,,5613,4,,,0,30,,5614,4,,,0,70,,5615,3,,,0,30,,5616,3,,,0,70,,5617,3,,,0,30,,5618,3,,,0,70,,5619,3,,,0,30,,5620,3,,,0,70,,5621,3,,,0,30,,5625,3,,,0,70,,5624,4,,,0,100,,5622,3,,,0,100,,5623,3,,,0
401,'Saturday-01',618,,5708,10,,,0,35,,5707,10,,,0,75,,5709,10,,,0,75,,5710,10,,,0,35,,5711,10,,,0,75,,5712,10,,,0,35,,5713,10,,,0,75,,5714,10,,,0,35,,5715,10,,,0,75,,5716,10,,,0,75,,5717,10,,,0,35,,5718,10,,,0,75,,5719,10,,,0,35,,5720,10,,,0,75,,5721,10,,,0,75,,5722,10,,,0,35,,5723,10,,,0,75,,5724,10,,,0,35,,5725,10,,,0,75,,5726,10,,,0,35,,5727,10,,,0,75,,5728,10,,,0,75,,5729,10,,,0,35,,5730,10,,,0,75,,5731,10,,,0,35,,5732,10,,,0,101,,5733,10,,,0,100,,5734,10,,,0,100,,5735,10,,,0
401,'Sunday-01',809,,5736,10,,,0,30,,5737,10,,,0,75,,5738,10,,,0,35,,5739,10,,,0,75,,5740,10,,,0,35,,5741,10,,,0,75,,5742,10,,,0,75,,5743,10,,,0,35,,5744,10,,,0,75,,5745,10,,,0,35,,5746,10,,,0,75,,5747,10,,,0,75,,5748,10,,,0,35,,5749,10,,,0,75,,5750,10,,,0,35,,5751,10,,,0,75,,5752,10,,,0,83,,5753,10,,,0
401,'Weekday-01',529,,5754,10,,,0,30,,5755,10,,,0,70,,5756,10,,,0,30,,5757,10,,,0,70,,5758,10,,,0,30,,5759,10,,,0,70,,5760,10,,,0,30,,5761,10,,,0,70,,5762,10,,,0,30,,5763,10,,,0,70,,5764,10,,,0,30,,5765,10,,,0,70,,5766,10,,,0,30,,5767,10,,,0,70,,5768,10,,,0,30,,5769,10,,,0,70,,5770,10,,,0,30,,5771,10,,,0,70,,5772,10,,,0,30,,5773,10,,,0,70,,5774,10,,,0,30,,5775,10,,,0,70,,5776,10,,,0,30,,5777,10,,,0,70,,5778,10,,,0,29,,5779,10,,,0,96,,5780,10,,,0,65,,5781,10,,,0,30,,5782,10,,,0,70,,5783,10,,,0,35,,5784,10,,,0,100,,5785,10,,,0,100,,5786,10,,,0,100,,5787,10,,,0
1800,'Saturday-01',636,,6703,25,,,0,70,,6704,25,,,0,30,,6705,25,,,0,70,,6706,25,,,0,30,,6707,25,,,0,70,,6708,25,,,0,30,,6709,25,,,0,70,,6710,25,,,0,30,,6711,25,,,0,70,,6712,25,,,0,30,,6713,25,,,0,70,,6714,25,,,0,30,,6715,25,,,0,70,,6716,25,,,0,30,,6717,25,,,0,70,,6718,25,,,0,30,,6719,25,,,0,70,,6720,25,,,0,30,,6721,25,,,0,70,,6722,25,,,0,30,,6723,25,,,0,70,,6724,25,,,0,30,,6725,25,,,0,70,,6726,25,,,0,30,,6727,25,,,0
1800,'Sunday-01',836,,6728,25,,,0,100,,6729,25,,,0,100,,6730,25,,,0,100,,6731,25,,,0,100,,6732,25,,,0,100,,6733,25,,,0,100,,6734,25,,,0,100,,6735,25,,,0,100,,6736,25,,,0,100,,6737,25,,,0,100,,6738,25,,,0
1800,'Weekday-01',636,,6739,25,,,0,70,,6740,25,,,0,30,,6741,25,,,0,15,,6768,25,,,0,55,,6742,25,,,0,15,,6769,25,,,0,15,,6743,25,,,0,15,,6770,25,,,0,55,,6744,25,,,0,15,,6771,25,,,0,15,,6745,25,,,0,15,,6772,25,,,0,55,,6746,25,,,0,15,,6773,25,,,0,15,,6747,25,,,0,70,,6748,25,,,0,30,,6749,25,,,0,70,,6750,25,,,0,30,,6751,25,,,0,70,,6752,25,,,0,30,,6753,25,,,0,70,,6754,25,,,0,30,,6755,25,,,0,15,,6774,25,,,0,55,,6756,25,,,0,15,,6775,25,,,0,15,,6757,25,,,0,15,,6776,25,,,0,55,,6758,25,,,0,15,,6777,25,,,0,15,,6759,25,,,0,15,,6778,25,,,0,55,,6760,25,,,0,15,,6779,25,,,0,15,,6761,25,,,0,70,,6762,25,,,0,30,,6763,25,,,0,70,,6764,25,,,0,100,,6765,25,,,0,100,,6766,25,,,0,95,,6767,25,,,0
3001,'Weekday-01',721,,7046,3,,,0,30,,7040,3,,,0,70,,7047,3,,,0,30,,7048,3,,,0,70,,7049,3,,,0,30,,7050,3,,,0,70,,7041,3,,,0,30,,7042,3,,,0,70,,7051,3,,,0,36,,7052,3,,,0,70,,7053,3,,,0,30,,7054,3,,,0,69,,7055,3,,,0,30,,7043,3,,,0,70,,7056,3,,,0,30,,7057,3,,,0,70,,7058,3,,,0,30,,7059,3,,,0,70,,7044,3,,,0,30,,7045,3,,,0,70,,7060,3,,,0
