700,'Saturday-01',648,,5877,49,,,0,100,,5878,49,,,0,70,,5879,49,,,0,30,,5880,49,,,0,70,,5881,49,,,0,30,,5882,49,,,0,70,,5883,49,,,0,30,,5884,49,,,0,70,,5885,49,,,0,30,,5886,49,,,0,70,,5887,49,,,0,30,,5888,49,,,0,70,,5889,49,,,0,30,,5890,49,,,0,70,,5891,49,,,0,30,,5892,49,,,0,70,,5893,49,,,0,30,,5894,49,,,0,70,,5895,49,,,0,30,,5896,49,,,0,70,,5897,49,,,0,30,,5898,49,,,0,70,,5899,49,,,0,85,,5900,49,,,0,45,,5901,49,,,0,70,,5902,49,,,0,99,,5903,49,,,0,100,,5904,49,,,0,100,,5905,49,,,0,100,,5906,49,,,0
700,'Sunday-01',848,,5917,49,,,0,70,,5918,49,,,0,30,,5919,49,,,0,70,,5920,49,,,0,30,,5921,49,,,0,70,,5922,49,,,0,30,,5923,49,,,0,70,,5924,49,,,0,30,,5925,49,,,0,70,,5926,49,,,0,30,,5916,49,,,0,70,,5912,49,,,0,30,,5907,49,,,0,70,,5908,49,,,0,30,,5909,49,,,0,70,,5910,49,,,0,30,,5911,49,,,0,70,,5913,49,,,0,30,,5914,49,,,0,70,,5915,49,,,0
700,'Weekday-01',618,,5927,49,,,0,30,,5928,49,,,0,55,,5929,49,0,7,0,15,,5930,49,,,0,15,,5931,49,,,0,15,,5932,49,,,0,56,,5933,49,,,0,14,,5934,49,,,0,15,,5935,49,,,0,15,,5936,49,,,0,55,,5937,49,,,0,15,,5938,49,,,0,30,,5939,49,,,0,70,,5940,49,,,0,30,,5941,49,,,0,70,,5942,49,,,0,30,,5943,49,,,0,70,,5944,49,,,0,30,,5945,49,,,0,70,,5946,49,,,0,30,,5947,49,,,0,70,,5948,49,,,0,30,,5949,49,,,0,65,,5950,49,,,0,30,,5951,49,,,0,70,,5952,49,,,0,30,,5953,49,,,0,70,,5954,49,,,0,30,,5955,49,,,0,75,,5956,49,,,0,85,,5957,49,,,0,45,,5958,49,,,0,69,,5959,49,,,0,100,,5960,49,,,0,100,,5961,49,,,0,100,,5962,49,,,0,100,,5963,49,,,0
801,'Saturday-01',654,,6118,52,,,0,100,,6119,52,,,0,100,,6120,52,,,0,100,,6121,52,,,0,70,,6122,52,,,0,30,,6123,52,,,0,70,,6124,52,,,0,30,,6125,52,,,0,70,,6126,52,,,0,30,,6127,52,,,0,70,,6128,52,,,0,30,,6129,52,,,0,70,,6130,52,,,0,30,,6131,52,,,0,70,,6132,52,,,0,30,,6133,52,,,0,70,,6134,52,,,0,30,,6135,52,,,0,70,,6136,52,,,0,30,,6137,52,,,0,65,,6117,52,,,0,100,,6116,52,,,0,100,,6139,52,,,0,100,,6138,52,,,0
801,'Sunday-01',834,,6140,52,,,0,100,,6141,52,,,0,100,,6142,52,,,0,100,,6143,52,,,0,100,,6144,52,,,0,100,,6145,52,,,0,100,,6146,52,,,0,100,,6147,52,,,0,100,,6148,52,,,0,100,,6149,52,,,0,100,,6150,52,,,0
801,'Weekday-01',600,,6151,52,,,0,35,,6152,52,,,0,75,,6153,52,,,0,35,,6154,52,,,0,75,,6155,52,,,0,35,,6156,52,,,0,75,,6157,52,,,0,75,,6158,52,,,0,35,,6159,52,,,0,75,,6160,52,,,0,35,,6161,52,,,0,75,,6162,52,,,0,75,,6163,52,,,0,35,,6164,52,,,0,75,,6165,52,,,0,35,,6166,52,,,0,75,,6167,52,,,0,35,,6168,52,,,0,75,,6169,52,,,0,75,,6170,52,,,0,35,,6171,52,,,0,110,,6172,52,,,0,150,,6173,52,,,0,110,,6174,52,,,0
1500,'Saturday-01',814,,6647,5,,,0,90,,6636,26,,,0,50,,6637,26,,,0,90,,6638,26,,,0,90,,6639,26,,,0,90,,6640,26,,,0,90,,6641,26,,,0,90,,6642,26,,,0,50,,6643,26,,,0,90,,6644,26,,,0,90,,6645,26,,,0,90,,6646,26,,,0,88,,6635,26,,,0
1500,'Weekday-01',814,,6660,5,,,0,90,,6648,26,,,0,50,,6650,26,,,0,90,,6651,26,,,0,90,,6652,26,,,0,90,,6653,26,,,0,90,,6654,26,,,0,90,,6655,26,,,0,50,,6656,26,,,0,90,,6657,26,,,0,90,,6658,26,,,0,90,,6659,26,,,0,88,,6649,26,,,0
6000,'Saturday-01',659,,7411,5,,,0,80,,7412,5,,,0,80,,7413,5,,,0,40,,7414,5,,,0,80,,7415,5,,,0,80,,7416,5,,,0,40,,7417,5,,,0,80,,7418,5,,,0,80,,7419,5,,,0,40,,7420,5,,,0,80,,7421,5,,,0,80,,7422,5,,,0,40,,7423,5,,,0,80,,7424,5,,,0,80,,7425,5,,,0,40,,7426,5,,,0,80,,7427,5,,,0,80,,7428,5,,,0,40,,7429,5,,,0,80,,7430,5,,,0,80,,7431,5,,,0,40,,7432,5,,,0,80,,7433,5,,,0,80,,7434,5,,,0,40,,7435,5,,,0,79,,7436,5,,,0,80,,7437,5,,,0
6000,'Sunday-01',834,,7438,5,,,0,80,,7439,5,,,0,40,,7440,5,,,0,80,,7441,5,,,0,80,,7442,5,,,0,40,,7443,5,,,0,80,,7444,5,,,0,80,,7445,5,,,0,40,,7446,5,,,0,80,,7447,5,,,0,80,,7448,5,,,0,40,,7449,5,,,0,80,,7450,5,,,0,80,,7451,5,,,0,40,,7452,5,,,0,80,,7453,5,,,0
6000,'Weekday-01',634,,7454,5,,,0,25,,7455,5,,,0,65,,7456,5,,,0,25,,7457,5,,,0,65,,7458,5,,,0,35,,7459,5,,,0,80,,7460,5,,,0,75,,7461,5,,,0,40,,7462,5,,,0,80,,7463,5,,,0,80,,7464,5,,,0,40,,7465,5,,,0,80,,7466,5,,,0,80,,7467,5,,,0,25,,7468,5,,,0,25,,7469,5,,,0,65,,7470,5,,,0,25,,7471,5,,,0,65,,7472,5,,,0,25,,7473,5,,,0,25,,7474,5,,,0,65,,7475,5,,,0,25,,7476,5,,,0,65,,7477,5,,,0,25,,7478,5,,,0,65,,7479,5,,,0,25,,7480,5,,,0,25,,7481,5,,,0,75,,7482,5,,,0,80,,7483,5,,,0,40,,7484,5,,,0,80,,7485,5,,,0,80,,7486,5,,,0,39,,7487,5,,,0,70,,7488,5,,,0
