700,'Saturday-01',603,,5877,1,,,0,100,,5878,1,,,0,30,,5879,1,,,0,70,,5880,1,,,0,30,,5881,1,,,0,70,,5882,1,,,0,30,,5883,1,,,0,70,,5884,1,,,0,30,,5885,1,,,0,70,,5886,1,,,0,30,,5887,1,,,0,70,,5888,1,,,0,30,,5889,1,,,0,70,,5890,1,,,0,30,,5891,1,,,0,70,,5892,1,,,0,30,,5893,1,,,0,70,,5894,1,,,0,30,,5895,1,,,0,70,,5896,1,,,0,30,,5897,1,,,0,70,,5898,1,,,0,30,,5899,1,,,0,85,,5900,1,,,0,85,,5901,1,,,0,30,,5902,1,,,0,107,,5903,1,,,0,100,,5904,1,,,0,100,,5905,1,,,0,100,,5906,1,,,0
700,'Sunday-01',805,,5917,1,,,0,30,,5918,1,,,0,70,,5919,1,,,0,30,,5920,1,,,0,70,,5921,1,,,0,30,,5922,1,,,0,70,,5923,1,,,0,30,,5924,1,,,0,70,,5925,1,,,0,30,,5926,1,,,0,70,,5916,1,,,0,30,,5912,1,,,0,70,,5907,1,,,0,30,,5908,1,,,0,70,,5909,1,,,0,30,,5910,1,,,0,70,,5911,1,,,0,30,,5913,1,,,0,70,,5914,1,,,0,30,,5915,1,,,0
700,'Weekday-01',535,,5927,1,,,0,70,,5928,1,,,0,15,,5929,1,0,7,0,15,,5930,1,,,0,15,,5931,1,,,0,55,,5932,1,,,0,15,,5933,1,,,0,15,,5934,1,,,0,15,,5935,1,,,0,55,,5936,1,,,0,15,,5937,1,,,0,15,,5938,1,,,0,70,,5939,1,,,0,30,,5940,1,,,0,70,,5941,1,,,0,30,,5942,1,,,0,70,,5943,1,,,0,30,,5944,1,,,0,70,,5945,1,,,0,30,,5946,1,,,0,70,,5947,1,,,0,30,,5948,1,,,0,70,,5949,1,,,0,25,,5950,1,,,0,70,,5951,1,,,0,30,,5952,1,,,0,70,,5953,1,,,0,30,,5954,1,,,0,70,,5955,1,,,0,33,,5956,1,,,0,85,,5957,1,,,0,85,,5958,1,,,0,30,,5959,1,,,0,107,,5960,1,,,0,100,,5961,1,,,0,100,,5962,1,,,0,100,,5963,1,,,0
701,'Saturday-01',658,,5964,90,4,,0,100,,5965,90,4,,0,70,,5966,90,4,,0,30,,5967,90,4,,0,70,,5968,90,4,,0,30,,5969,90,4,,0,70,,5970,90,4,,0,30,,5971,90,4,,0,70,,5972,90,4,,0,30,,5973,90,4,,0,70,,5974,90,4,,0,30,,5975,90,4,,0,70,,5976,90,4,,0,30,,5977,90,4,,0,70,,5978,90,4,,0,30,,5979,90,4,,0,70,,5980,90,4,,0,30,,5981,90,4,,0,70,,5982,90,4,,0,30,,5983,90,4,,0,70,,5984,90,4,,0,30,,5985,90,4,,0,70,,5986,90,4,,0,30,,5987,90,4,,0,70,,5988,90,4,,0,102,,5991,90,4,,0,78,,5992,90,4,,0,27,,5993,90,4,,0,100,,5994,90,4,,0,100,,5995,90,4,,0,100,,5990,90,4,,0
701,'Sunday-01',900,,5996,90,4,,0,30,,5997,90,4,,0,70,,5998,90,4,,0,30,,5999,90,4,,0,70,,6000,90,4,,0,30,,6001,90,4,,0,70,,6002,90,4,,0,30,,6003,90,4,,0,70,,6004,90,4,,0,30,,6005,90,4,,0,70,,6006,90,4,,0,30,,6007,90,4,,0,70,,6008,90,4,,0,30,,6009,90,4,,0,70,,6010,90,4,,0,30,,6011,90,4,,0,70,,6012,90,4,,0,30,,6013,90,4,,0,70,,6014,90,4,,0,30,,6015,90,4,,0,70,,6016,90,4,,0
701,'Weekday-01',630,,6017,90,4,,0,70,,6018,90,4,,0,30,,6019,90,4,,0,20,,6020,90,4,,0,50,,6021,90,4,,0,15,,6022,90,4,,0,15,,6023,90,4,,0,15,,6024,90,4,,0,55,,6025,90,4,,0,30,,6026,90,4,,0,70,,6027,90,4,,0,30,,6028,90,4,,0,70,,6029,90,4,,0,30,,6030,90,4,,0,70,,6031,90,4,,0,30,,6032,90,4,,0,70,,6033,90,4,,0,30,,6034,90,4,,0,70,,6035,90,4,,0,25,,6036,90,4,,0,30,,6037,90,4,,0,70,,6038,90,4,,0,30,,6039,90,4,,0,70,,6040,90,4,,0,30,,6041,90,4,,0,70,,6042,90,4,,0,75,,6043,90,4,,0,30,,6044,90,4,,0,28,,6045,90,4,,0,70,,6046,90,4,,0,102,,6047,90,4,,0,78,,6048,90,4,,0,27,,6049,90,4,,0,100,,6050,90,4,,0,100,,6051,90,4,,0,100,,6052,90,4,,0
800,'Saturday-01',715,,6054,104,4,,0,100,,6055,104,4,,0,100,,6056,104,4,,0,30,,6059,104,4,,0,70,,6060,104,4,,0,30,,6061,104,4,,0,70,,6062,104,4,,0,30,,6063,104,4,,0,70,,6064,104,4,,0,30,,6065,104,4,,0,70,,6066,104,4,,0,30,,6067,104,4,,0,70,,6068,104,4,,0,30,,6069,104,4,,0,70,,6058,104,4,,0,30,,6057,104,4,,0,70,,6076,104,4,,0,30,,6075,104,4,,0,70,,6074,104,4,,0,30,,6073,104,4,,0,70,,6072,104,4,,0,30,,6070,104,4,,0,100,,6071,104,4,,0,100,,6077,104,4,,0,100,,6078,104,4,,0
800,'Sunday-01',900,,6079,104,4,,0,100,,6080,104,4,,0,100,,6081,104,4,,0,100,,6082,104,4,,0,100,,6083,104,4,,0,100,,6084,104,4,,0,100,,6085,104,4,,0,100,,6086,104,4,,0,100,,6087,104,4,,0,100,,6088,104,4,,0,55,,6089,104,4,,0
800,'Weekday-01',616,,6114,104,4,,0,35,,6115,104,4,,0,75,,6113,104,4,,0,75,,6112,104,4,,0,35,,6090,104,4,,0,75,,6091,104,4,,0,35,,6092,104,4,,0,75,,6093,104,4,,0,35,,6094,104,4,,0,75,,6095,104,4,,0,75,,6096,104,4,,0,35,,6097,104,4,,0,75,,6098,104,4,,0,35,,6099,104,4,,0,75,,6100,104,4,,0,75,,6101,104,4,,0,35,,6102,104,4,,0,75,,6103,104,4,,0,35,,6104,104,4,,0,75,,6105,104,4,,0,35,,6106,104,4,,0,75,,6107,104,4,,0,75,,6108,104,4,,0,110,,6109,104,4,,0,110,,6110,104,4,,0,110,,6111,104,4,,0
801,'Saturday-01',617,,6118,1,,,0,100,,6119,1,,,0,100,,6120,1,,,0,100,,6121,1,,,0,30,,6122,1,,,0,70,,6123,1,,,0,30,,6124,1,,,0,70,,6125,1,,,0,30,,6126,1,,,0,70,,6127,1,,,0,30,,6128,1,,,0,70,,6129,1,,,0,30,,6130,1,,,0,70,,6131,1,,,0,30,,6132,1,,,0,70,,6133,1,,,0,30,,6134,1,,,0,70,,6135,1,,,0,30,,6136,1,,,0,70,,6137,1,,,0,28,,6117,1,,,0,100,,6116,1,,,0,100,,6139,1,,,0,100,,6138,1,,,0
801,'Sunday-01',800,,6140,1,,,0,100,,6141,1,,,0,100,,6142,1,,,0,100,,6143,1,,,0,100,,6144,1,,,0,100,,6145,1,,,0,100,,6146,1,,,0,100,,6147,1,,,0,100,,6148,1,,,0,100,,6149,1,,,0,100,,6150,1,,,0
801,'Weekday-01',514,,6151,1,,,0,35,,6152,1,,,0,75,,6153,1,,,0,35,,6154,1,,,0,75,,6155,1,,,0,75,,6156,1,,,0,35,,6157,1,,,0,75,,6158,1,,,0,35,,6159,1,,,0,75,,6160,1,,,0,75,,6161,1,,,0,35,,6162,1,,,0,75,,6163,1,,,0,35,,6164,1,,,0,75,,6165,1,,,0,35,,6166,1,,,0,75,,6167,1,,,0,75,,6168,1,,,0,35,,6169,1,,,0,75,,6170,1,,,0,35,,6171,1,,,0,150,,6172,1,,,0,110,,6173,1,,,0,110,,6174,1,,,0
900,'Saturday-01',557,,6175,1,,,0,70,,6176,1,,,0,30,,6177,1,,,0,70,,6178,1,,,0,30,,6179,1,,,0,70,,6180,1,,,0,30,,6181,1,,,0,70,,6182,1,,,0,30,,6183,1,,,0,70,,6184,1,,,0,30,,6185,1,,,0,70,,6186,1,,,0,30,,6187,1,,,0,70,,6188,1,,,0,30,,6189,1,,,0,70,,6190,1,,,0,30,,6191,1,,,0,70,,6192,1,,,0,30,,6193,1,,,0,70,,6194,1,,,0,30,,6195,1,,,0,70,,6196,1,,,0,90,,6197,1,,,0,30,,6198,1,,,0,70,,6199,1,,,0,85,,6200,1,,,0,30,,6202,1,,,0,85,,6203,1,,,0,100,,6204,1,,,0,100,,6205,1,,,0,100,,6201,1,,,0
900,'Sunday-01',727,,6225,1,,,0,30,,6227,1,,,0,70,,6215,1,,,0,30,,6214,1,,,0,70,,6216,1,,,0,30,,6209,1,,,0,70,,6217,1,,,0,30,,6210,1,,,0,70,,6218,1,,,0,30,,6211,1,,,0,70,,6219,1,,,0,30,,6212,1,,,0,70,,6220,1,,,0,30,,6213,1,,,0,70,,6221,1,,,0,30,,6206,1,,,0,70,,6222,1,,,0,30,,6207,1,,,0,70,,6223,1,,,0,30,,6208,1,,,0,70,,6224,1,,,0,30,,6226,1,,,0
900,'Weekday-01',527,,6228,1,,,0,30,,6229,1,,,0,65,,6230,1,,,0,30,,6231,1,,,0,70,,6232,1,,,0,30,,6233,1,,,0,70,,6234,1,,,0,35,,6235,1,,,0,70,,6236,1,,,0,30,,6237,1,,,0,70,,6238,1,,,0,30,,6239,1,,,0,70,,6240,1,,,0,30,,6241,1,,,0,70,,6242,1,,,0,30,,6243,1,,,0,70,,6244,1,,,0,30,,6245,1,,,0,70,,6246,1,,,0,15,,6247,1,,,0,15,,6248,1,,,0,55,,6249,1,,,0,15,,6250,1,,,0,30,,6251,1,,,0,55,,6252,1,,,0,15,,6253,1,,,0,15,,6254,1,,,0,70,,6255,1,,,0,30,,6256,1,,,0,70,,6257,1,,,0,45,,6258,1,,,0,75,,6259,1,,,0,85,,6260,1,,,0,100,,6261,1,,,0,100,,6262,1,,,0,100,,6263,1,,,0
901,'Saturday-01',722,,6264,89,4,,0,30,,6265,89,4,,0,70,,6266,89,4,,0,30,,6267,89,4,,0,70,,6268,89,4,,0,30,,6269,89,4,,0,70,,6270,89,4,,0,30,,6271,89,4,,0,70,,6272,89,4,,0,30,,6273,89,4,,0,70,,6274,89,4,,0,30,,6275,89,4,,0,70,,6276,89,4,,0,30,,6277,89,4,,0,70,,6278,89,4,,0,30,,6279,89,4,,0,70,,6280,89,4,,0,30,,6281,89,4,,0,70,,6282,89,4,,0,30,,6283,89,4,,0,70,,6284,89,4,,0,30,,6285,89,4,,0,70,,6286,89,4,,0,30,,6287,89,4,,0,75,,6288,89,4,,0,85,,6289,89,4,,0,90,,6290,89,4,,0,30,,6291,89,4,,0,80,,6292,89,4,,0,100,,6293,89,4,,0,100,,6294,89,4,,0
901,'Sunday-01',852,,6313,89,4,,0,70,,6303,89,4,,0,30,,6314,89,4,,0,70,,6304,89,4,,0,30,,6315,89,4,,0,70,,6305,89,4,,0,30,,6295,89,4,,0,70,,6306,89,4,,0,30,,6296,89,4,,0,70,,6307,89,4,,0,30,,6297,89,4,,0,70,,6308,89,4,,0,30,,6298,89,4,,0,70,,6309,89,4,,0,30,,6299,89,4,,0,70,,6310,89,4,,0,30,,6300,89,4,,0,70,,6311,89,4,,0,30,,6301,89,4,,0,70,,6312,89,4,,0,30,,6302,89,4,,0
901,'Weekday-01',647,,6316,89,4,,0,70,,6317,89,4,,0,30,,6318,89,4,,0,70,,6319,89,4,,0,30,,6320,89,4,,0,75,,6321,89,4,,0,30,,6322,89,4,,0,70,,6323,89,4,,0,30,,6324,89,4,,0,70,,6325,89,4,,0,30,,6326,89,4,,0,70,,6327,89,4,,0,30,,6328,89,4,,0,70,,6329,89,4,,0,30,,6330,89,4,,0,70,,6331,89,4,,0,30,,6332,89,4,,0,70,,6333,89,4,,0,30,,6334,89,4,,0,55,,6335,89,4,,0,15,,6336,89,4,,0,15,,6337,89,4,,0,15,,6338,89,4,,0,55,,6339,89,4,,0,15,,6340,89,4,,0,15,,6341,89,4,,0,20,,6342,89,4,,0,70,,6343,89,4,,0,25,,6344,89,4,,0,75,,6345,89,4,,0,85,,6346,89,4,,0,45,,6347,89,4,,0,70,,6348,89,4,,0,85,,6349,89,4,,0,100,,6350,89,4,,0,100,,6351,89,4,,0
