200,'Saturday-01',649,,5237,31,,,0,70,,5238,31,,,0,30,,5239,31,,,0,70,,5240,31,,,0,30,,5241,31,,,0,70,,5242,31,,,0,30,,5243,31,,,0,70,,5244,31,,,0,30,,5245,31,,,0,70,,5246,31,,,0,30,,5247,31,,,0,70,,5248,31,,,0,30,,5249,31,,,0,70,,5250,31,,,0,30,,5251,31,,,0,70,,5252,31,,,0,30,,5253,31,,,0,70,,5254,31,,,0,30,,5255,31,,,0,70,,5256,31,,,0,30,,5257,31,,,0,70,,5258,31,,,0,30,,5259,31,,,0,70,,5260,31,,,0,30,,5261,31,,,0,70,,5262,31,,,0,30,,5264,31,,,0,69,,5265,31,,,0,31,,5266,31,,,0,69,,5267,31,,,0,99,,5268,31,,,0,100,,5269,31,,,0,100,,5270,31,,,0
200,'Sunday-01',835,,5271,31,,,0,70,,5272,31,,,0,30,,5273,31,,,0,70,,5274,31,,,0,30,,5275,31,,,0,70,,5276,31,,,0,30,,5277,31,,,0,70,,5278,31,,,0,30,,5279,31,,,0,70,,5280,31,,,0,30,,5281,31,,,0,70,,5282,31,,,0,30,,5283,31,,,0,70,,5284,31,,,0,30,,5285,31,,,0,70,,5286,31,,,0,30,,5287,31,,,0,70,,5288,31,,,0,30,,5289,31,,,0
200,'Weekday-01',619,,5291,31,,,0,30,,5290,31,,,0,55,,5331,31,,,0,15,,5294,31,,,0,15,,5295,31,,,0,15,,5296,31,,,0,55,,5297,31,,,0,15,,5292,31,,,0,15,,5293,31,,,0,70,,5298,31,,,0,30,,5299,31,,,0,20,,5322,31,,,0,70,,5303,31,,,0,30,,5304,31,,,0,70,,5305,31,,,0,30,,5306,31,,,0,70,,5307,31,,,0,30,,5308,31,,,0,70,,5309,31,,,0,30,,5300,31,,,0,69,,5301,31,,,0,25,,5302,31,,,0,68,,5310,31,,,0,18,,5311,31,,,0,15,,5312,31,,,0,55,,5313,31,,,0,15,,5314,31,,,0,15,,5315,31,,,0,15,,5316,31,,,0,55,,5317,31,,,0,15,,5318,31,,,0,30,,5323,31,,,0,70,,5324,31,,,0,30,,5325,31,,,0,70,,5326,31,,,0,30,,5327,31,,,0,70,,5319,31,,,0,30,,5320,31,,,0,70,,5321,31,,,0,30,,5332,31,,,0,70,,5328,31,,,0,30,,5333,31,,,0,70,,5329,31,,,0,30,,5334,31,,,0,70,,5330,31,,,0
300,'Saturday-01',647,,5453,41,,,0,70,,5436,41,,,0,30,,5437,41,,,0,70,,5438,41,,,0,30,,5439,41,,,0,70,,5440,41,,,0,30,,5441,41,,,0,70,,5442,41,,,0,30,,5443,41,,,0,70,,5454,41,,,0,30,,5444,41,,,0,70,,5455,41,,,0,30,,5456,41,,,0,70,,5457,41,,,0,30,,5458,41,,,0,70,,5445,41,,,0,30,,5446,41,,,0,70,,5459,41,,,0,30,,5447,41,,,0,70,,5448,41,,,0,30,,5449,41,,,0,70,,5450,41,,,0,30,,5460,41,,,0,71,,5461,41,,,0,30,,5451,41,,,0,70,,5462,41,,,0,30,,5452,41,,,0,70,,5463,41,,,0,29,,5467,41,,,0,71,,5464,41,,,0,100,,5465,41,,,0,100,,5466,41,,,0,99,,5468,41,,,0
300,'Sunday-01',832,,5469,41,,,0,70,,5470,41,,,0,30,,5471,41,,,0,70,,5472,41,,,0,30,,5473,41,,,0,70,,5474,41,,,0,30,,5475,41,,,0,70,,5476,41,,,0,30,,5477,41,,,0,70,,5478,41,,,0,30,,5479,41,,,0,70,,5480,41,,,0,30,,5481,41,,,0,70,,5482,41,,,0,30,,5483,41,,,0,70,,5484,41,,,0,30,,5485,41,,,0,70,,5486,41,,,0,30,,5487,41,,,0,70,,5488,41,,,0,30,,5489,41,,,0
300,'Weekday-01',617,,5490,41,,,0,30,,5491,41,,,0,55,,5492,41,,,0,15,,5493,41,,,0,15,,5494,41,,,0,15,,5495,41,,,0,55,,5496,41,,,0,15,,5497,41,,,0,15,,5498,41,,,0,15,,5499,41,,,0,70,,5500,41,,,0,30,,5501,41,,,0,70,,5502,41,,,0,30,,5503,41,,,0,70,,5504,41,,,0,30,,5505,41,,,0,70,,5506,41,,,0,30,,5507,41,,,0,70,,5508,41,,,0,30,,5509,41,,,0,70,,5510,41,,,0,30,,5511,41,,,0,70,,5512,41,,,0,30,,5513,41,,,0,55,,5514,41,,,0,15,,5515,41,,,0,15,,5516,41,,,0,15,,5517,41,,,0,55,,5518,41,,,0,16,,5519,41,,,0,30,,5520,41,,,0,70,,5521,41,,,0,30,,5522,41,,,0,70,,5523,41,,,0,30,,5524,41,,,0,70,,5525,41,,,0,30,,5530,41,,,0,69,,5529,41,,,0,101,,5526,41,,,0,100,,5527,41,,,0,99,,5528,41,,,0
1200,'Saturday-01',647,,6492,36,,,0,100,,6493,36,,,0,101,,6494,36,,,0,70,,6495,36,,,0,30,,6496,36,,,0,70,,6497,36,,,0,30,,6498,36,,,0,70,,6499,36,,,0,30,,6500,36,,,0,70,,6501,36,,,0,30,,6502,36,,,0,70,,6503,36,,,0,30,,6504,36,,,0,70,,6505,36,,,0,30,,6506,36,,,0,70,,6507,36,,,0,30,,6508,36,,,0,70,,6509,36,,,0,30,,6510,36,,,0,70,,6515,36,,,0,30,,6516,36,,,0,69,,6511,36,,,0,100,,6512,36,,,0,100,,6517,36,,,0,100,,6518,36,,,0,100,,6519,36,,,0,100,,6520,36,,,0,100,,6521,36,,,0
1200,'Sunday-01',832,,6522,36,,,0,100,,6523,36,,,0,100,,6524,36,,,0,100,,6525,36,,,0,100,,6526,36,,,0,100,,6527,36,,,0,100,,6528,36,,,0,100,,6529,36,,,0,100,,6530,36,,,0,100,,6531,36,,,0,100,,6532,36,,,0
1200,'Weekday-01',618,,6560,36,,,0,30,,6561,36,,,0,70,,6562,36,,,0,30,,6563,36,,,0,70,,6549,36,,,0,30,,6550,36,,,0,70,,6541,36,,,0,30,,6542,36,,,0,70,,6540,36,,,0,30,,6539,36,,,0,70,,6538,36,,,0,30,,6537,36,,,0,70,,6536,36,,,0,30,,6535,36,,,0,70,,6534,36,,,0,30,,6533,36,,,0,70,,6558,36,,,0,30,,6557,36,,,0,70,,6556,36,,,0,30,,6555,36,,,0,70,,6551,36,,,0,30,,6552,36,,,0,70,,6553,36,,,0,30,,6554,36,,,0,69,,6559,36,,,0,100,,6543,36,,,0,100,,6544,36,,,0,100,,6545,36,,,0,100,,6546,36,,,0,100,,6547,36,,,0,100,,6548,36,,,0
3000,'Weekday-01',655,,7025,9,,,0,70,,7019,9,,,0,30,,7026,9,,,0,70,,7027,9,,,0,30,,7028,9,,,0,70,,7029,9,,,0,30,,7020,9,,,0,70,,7021,9,,,0,30,,7030,9,,,0,73,,7031,9,,,0,30,,7032,9,,,0,70,,7033,9,,,0,72,,7034,9,,,0,30,,7022,9,,,0,70,,7035,9,,,0,30,,7036,9,,,0,70,,7037,9,,,0,30,,7038,9,,,0,70,,7023,9,,,0,30,,7024,9,,,0,70,,7039,9,,,0
