100,'Saturday-01',1852,,5063,29,0,5,0,70,,5064,29,0,5,0,30,,5076,29,0,5,0,83,,5077,29,0,5,0,70,,5065,29,0,5,0,95,,5078,29,0,5,0,43,,5079,29,0,5,0,60,,5080,29,0,5,0,100,,5066,29,0,5,0,45,,5081,29,0,5,0
100,'Sunday-01',750,,5085,29,0,5,0,100,,5086,29,0,5,0,100,,5087,29,0,5,0,100,,5088,29,0,5,0,100,,5090,29,0,5,0,100,,5091,29,0,5,0,105,,5092,29,0,5,0,100,,5093,29,0,5,0,145,,5094,29,0,5,0,100,,5089,29,0,5,0,100,,5083,29,0,5,0,109,,5084,29,0,5,0
100,'Weekday-01',1833,,5123,29,0,5,0,70,,5124,29,0,5,0,40,,5140,29,0,8,0,10,,5127,29,0,8,0,70,,5128,29,0,8,0,30,,5129,29,0,8,0,100,,5130,29,0,8,0,60,,5131,29,0,8,0,100,,5125,29,0,5,0,98,,5126,29,0,5,0,14,,5141,29,0,5,0,30,,5142,29,0,5,0
101,'Saturday-01',712,,5176,19,,,0,30,,5144,45,,,0,70,,5145,45,,,0,35,,5175,41,,,0,70,,5164,41,,,0,30,,5165,41,,,0,70,,5166,41,,,0,30,,5167,41,,,0,70,,5168,41,,,0,30,,5169,41,,,0,70,,5170,41,,,0,30,,5171,41,,,0,70,,5154,43,,,0,25,,5146,45,,,0,70,,5147,45,,,0,10,,5155,43,,,0,35,,5156,43,,,0,75,,5148,45,,,0,80,,5149,45,,,0,15,,5160,43,,,0,80,,5161,41,,,0,30,,5162,41,,,0,80,,5157,43,,,0,30,,5158,43,,,0,70,,5159,43,,,0,99,,5172,41,,,0,30,,5173,41,,,0,95,,5150,45,,,0,83,,5151,45,,,0,20,,5163,41,,,0,100,,5152,45,,,0,85,,5153,45,,,0
101,'Sunday-01',828,,5177,41,,,0,100,,5178,43,,,0,100,,5179,43,,,0,100,,5180,43,,,0,100,,5181,43,,,0,105,,5184,45,,,0,100,,5185,45,,,0,105,,5186,45,,,0,100,,5187,45,,,0,100,,5182,43,,,0,109,,5183,43,,,0
101,'Weekday-01',548,,5188,8,,,0,55,,5189,8,,,0,30,,5236,41,,,0,16,,5191,38,,,0,10,,5219,41,,,0,64,,5208,38,,,0,19,,5192,45,,,0,15,,5193,45,,,0,55,,5194,45,,,0,7,,5220,41,,,0,8,,5195,45,,,0,22,,5190,38,,,0,60,,5222,41,,,0,20,,5223,41,,,0,30,,5235,41,,,0,80,,5224,41,,,0,74,,5225,41,,,0,30,,5226,41,,,0,70,,5227,41,,,0,30,,5228,41,,,0,99,,5196,45,,,0,70,,5197,45,,,0,30,,5198,45,,,0,70,,5199,45,,,0,30,,5200,45,,,0,70,,5201,45,,,0,12,,5209,43,,,0,10,,5210,43,,,0,10,,5229,41,,,0,60,,5211,43,,,0,13,,5230,41,,,0,17,,5212,43,,,0,8,,5231,41,,,0,61,,5213,43,,,0,6,,5232,41,,,0,25,,5214,43,,,0,5,,5233,41,,,0,80,,5215,43,,,0,10,,5234,41,,,0,30,,5221,41,,,0,70,,5217,41,,,0,90,,5202,45,,,0,20,,5203,45,,,0,75,,5204,45,,,0,30,,5205,45,,,0,100,,5206,45,,,0,65,,5207,45,,,0,30,,5218,41,,,0
200,'Saturday-01',629,,5237,15,,,0,30,,5238,15,,,0,67,,5239,15,,,0,30,,5240,15,,,0,70,,5241,15,,,0,30,,5242,15,,,0,70,,5243,15,,,0,30,,5244,15,,,0,70,,5245,15,,,0,30,,5246,15,,,0,70,,5247,15,,,0,30,,5248,15,,,0,70,,5249,15,,,0,30,,5250,15,,,0,70,,5251,15,,,0,30,,5252,15,,,0,70,,5253,15,,,0,30,,5254,15,,,0,70,,5255,15,,,0,30,,5256,15,,,0,70,,5257,15,,,0,30,,5258,15,,,0,70,,5259,15,,,0,30,,5260,15,,,0,70,,5261,15,,,0,30,,5262,15,,,0,70,,5264,15,,,0,30,,5265,15,,,0,70,,5266,15,,,0,30,,5267,15,,,0,100,,5268,15,,,0,100,,5269,15,,,0,100,,5270,15,,,0
200,'Sunday-01',816,,5271,15,,,0,30,,5272,15,,,0,70,,5273,15,,,0,30,,5274,15,,,0,70,,5275,15,,,0,30,,5276,15,,,0,70,,5277,15,,,0,30,,5278,15,,,0,70,,5279,15,,,0,30,,5280,15,,,0,70,,5281,15,,,0,30,,5282,15,,,0,70,,5283,15,,,0,30,,5284,15,,,0,70,,5285,15,,,0,30,,5286,15,,,0,70,,5287,15,,,0,30,,5288,15,,,0,70,,5289,15,,,0
200,'Weekday-01',559,,5291,15,,,0,70,,5290,15,,,0,12,,5331,15,,,0,15,,5294,15,,,0,55,,5295,15,,,0,15,,5296,15,,,0,15,,5297,15,,,0,15,,5292,15,,,0,55,,5293,15,,,0,30,,5298,15,,,0,70,,5299,15,,,0,20,,5322,15,,,0,70,,5303,15,,,0,30,,5304,15,,,0,70,,5305,15,,,0,30,,5306,15,,,0,70,,5307,15,,,0,30,,5308,15,,,0,70,,5309,15,,,0,30,,5300,15,,,0,70,,5301,15,,,0,25,,5302,15,,,0,25,,5310,15,,,0,60,,5311,15,,,0,15,,5312,15,,,0,15,,5313,15,,,0,15,,5314,15,,,0,55,,5315,15,,,0,15,,5316,15,,,0,15,,5317,15,,,0,15,,5318,15,,,0,70,,5323,15,,,0,30,,5324,15,,,0,70,,5325,15,,,0,30,,5326,15,,,0,70,,5327,15,,,0,30,,5319,15,,,0,70,,5320,15,,,0,30,,5321,15,,,0,70,,5332,15,,,0,30,,5328,15,,,0,70,,5333,15,,,0,30,,5329,15,,,0,70,,5334,15,,,0,30,,5330,15,,,0
201,'Saturday-01',654,,5335,47,,,0,70,,5336,47,,,0,30,,5337,47,,,0,70,,5338,47,,,0,30,,5339,47,,,0,70,,5340,47,,,0,30,,5341,47,,,0,70,,5342,47,,,0,30,,5343,47,,,0,70,,5344,47,,,0,30,,5345,47,,,0,70,,5346,47,,,0,30,,5347,47,,,0,70,,5348,47,,,0,30,,5349,47,,,0,70,,5350,47,,,0,30,,5351,47,,,0,70,,5352,47,,,0,30,,5353,47,,,0,70,,5354,47,,,0,30,,5355,47,,,0,70,,5356,47,,,0,30,,5357,47,,,0,70,,5358,47,,,0,30,,5359,47,,,0,70,,5360,47,,,0,30,,5361,47,,,0,70,,5362,47,,,0,29,,5363,47,,,0,71,,5364,47,,,0,100,,5365,47,,,0,100,,5366,47,,,0,100,,5367,47,,,0
201,'Sunday-01',841,,5368,47,,,0,70,,5369,47,,,0,30,,5370,47,,,0,70,,5371,47,,,0,30,,5372,47,,,0,70,,5373,47,,,0,30,,5374,47,,,0,70,,5375,47,,,0,30,,5376,47,,,0,70,,5377,47,,,0,30,,5378,47,,,0,70,,5379,47,,,0,30,,5380,47,,,0,70,,5381,47,,,0,30,,5382,47,,,0,70,,5383,47,,,0,30,,5384,47,,,0,70,,5385,47,,,0,30,,5386,47,,,0,70,,5387,47,,,0
201,'Weekday-01',624,,5390,47,,,0,30,,5391,47,,,0,55,,5392,47,,,0,15,,5393,47,,,0,15,,5394,47,,,0,15,,5395,47,,,0,55,,5396,47,,,0,15,,5429,47,,,0,15,,5397,47,,,0,15,,5398,47,,,0,70,,5428,47,,,0,30,,5399,47,,,0,70,,5400,47,,,0,30,,5401,47,,,0,70,,5402,47,,,0,30,,5403,47,,,0,70,,5404,47,,,0,30,,5405,47,,,0,70,,5406,47,,,0,25,,5407,47,,,0,70,,5408,47,,,0,35,,5409,47,,,0,70,,5410,47,,,0,15,,5411,47,,,0,15,,5412,47,,,0,55,,5413,47,,,0,15,,5414,47,,,0,15,,5415,47,,,0,15,,5416,47,,,0,55,,5417,47,,,0,15,,5418,47,,,0,30,,5419,47,,,0,70,,5420,47,,,0,30,,5421,47,,,0,70,,5422,47,,,0,30,,5423,47,,,0,70,,5424,47,,,0,30,,5425,47,,,0,70,,5426,47,,,0,30,,5427,47,,,0,70,,5431,47,,,0,30,,5432,47,,,0,70,,5433,47,,,0,30,,5434,47,,,0,70,,5435,47,,,0
500,'Saturday-01',711,,5788,19,,,0,100,,5789,19,,,0,100,,5790,19,,,0,100,,5791,19,,,0,100,,5792,19,,,0,100,,5793,19,,,0,100,,5794,19,,,0,100,,5795,19,,,0,100,,5796,19,,,0,100,,5797,19,,,0,100,,5798,19,,,0,102,,5799,19,,,0
500,'Weekday-01',623,,5801,19,,,0,30,,5802,19,,,0,70,,5803,19,,,0,30,,5804,19,,,0,70,,5805,19,,,0,90,,5806,19,,,0,100,,5807,19,,,0,100,,5808,19,,,0,100,,5809,19,,,0,100,,5810,19,,,0,100,,5811,19,,,0,100,,5812,19,,,0,34,,5800,6,,,0,76,,5813,19,,,0,30,,5814,19,,,0,70,,5815,19,,,0,35,,5816,19,,,0
600,'Weekday-01',638,,5849,26,,,0,70,,5850,26,,,0,30,,5851,26,,,0,70,,5852,26,,,0,30,,5853,26,,,0,70,,5861,26,,,0,30,,5862,26,,,0,500,,5854,26,,,0,100,,5855,26,,,0,70,,5856,26,,,0,30,,5857,26,,,0,70,,5858,26,,,0,30,,5859,26,,,0,70,,5860,26,,,0
