101,'Saturday-01',718,,5144,23,,,0,30,,5145,23,,,0,75,,5175,19,,,0,30,,5164,19,,,0,70,,5165,19,,,0,30,,5166,19,,,0,70,,5167,19,,,0,30,,5168,19,,,0,70,,5169,19,,,0,30,,5170,19,,,0,70,,5171,19,,,0,30,,5154,21,,,0,65,,5146,23,,,0,30,,5147,23,,,0,10,,5155,21,,,0,75,,5156,21,,,0,75,,5148,23,,,0,40,,5149,23,,,0,55,,5160,21,,,0,40,,5161,19,,,0,70,,5162,19,,,0,40,,5157,21,,,0,70,,5158,21,,,0,30,,5159,21,,,0,99,,5172,19,,,0,70,,5173,19,,,0,95,,5150,23,,,0,83,,5151,23,,,0,20,,5163,19,,,0,100,,5152,23,,,0,85,,5153,23,,,0
101,'Sunday-01',804,,5177,19,,,0,100,,5178,21,,,0,100,,5179,21,,,0,100,,5180,21,,,0,100,,5181,21,,,0,105,,5184,23,,,0,100,,5185,23,,,0,105,,5186,23,,,0,100,,5187,23,,,0,100,,5182,21,,,0,105,,5183,21,,,0
101,'Weekday-01',612,,5236,19,,,0,16,,5191,16,,,0,10,,5219,19,,,0,64,,5208,16,,,0,16,,5192,23,,,0,15,,5193,23,,,0,15,,5194,23,,,0,10,,5220,19,,,0,45,,5195,23,,,0,25,,5190,16,,,0,20,,5222,19,,,0,60,,5223,19,,,0,30,,5235,19,,,0,80,,5224,19,,,0,34,,5225,19,,,0,70,,5226,19,,,0,30,,5227,19,,,0,70,,5228,19,,,0,96,,5196,23,,,0,30,,5197,23,,,0,70,,5198,23,,,0,30,,5199,23,,,0,70,,5200,23,,,0,30,,5201,23,,,0,55,,5209,21,,,0,10,,5210,21,,,0,10,,5229,19,,,0,20,,5211,21,,,0,10,,5230,19,,,0,60,,5212,21,,,0,5,,5231,19,,,0,24,,5213,21,,,0,6,,5232,19,,,0,65,,5214,21,,,0,5,,5233,19,,,0,40,,5215,21,,,0,50,,5234,19,,,0,30,,5221,19,,,0,70,,5217,19,,,0,50,,5202,23,,,0,60,,5203,23,,,0,35,,5204,23,,,0,70,,5205,23,,,0,100,,5206,23,,,0,25,,5207,23,,,0,70,,5218,19,,,0
200,'Saturday-01',642,,5237,26,,,0,70,,5238,26,,,0,29,,5239,26,,,0,70,,5240,26,,,0,30,,5241,26,,,0,70,,5242,26,,,0,30,,5243,26,,,0,70,,5244,26,,,0,30,,5245,26,,,0,70,,5246,26,,,0,30,,5247,26,,,0,70,,5248,26,,,0,30,,5249,26,,,0,70,,5250,26,,,0,30,,5251,26,,,0,70,,5252,26,,,0,30,,5253,26,,,0,70,,5254,26,,,0,30,,5255,26,,,0,70,,5256,26,,,0,30,,5257,26,,,0,70,,5258,26,,,0,30,,5259,26,,,0,70,,5260,26,,,0,30,,5261,26,,,0,70,,5262,26,,,0,30,,5264,26,,,0,70,,5265,26,,,0,30,,5266,26,,,0,70,,5267,26,,,0,100,,5268,26,,,0,100,,5269,26,,,0,100,,5270,26,,,0
200,'Sunday-01',827,,5271,26,,,0,30,,5272,26,,,0,70,,5273,26,,,0,30,,5274,26,,,0,70,,5275,26,,,0,30,,5276,26,,,0,70,,5277,26,,,0,30,,5278,26,,,0,70,,5279,26,,,0,30,,5280,26,,,0,70,,5281,26,,,0,30,,5282,26,,,0,70,,5283,26,,,0,30,,5284,26,,,0,70,,5285,26,,,0,30,,5286,26,,,0,70,,5287,26,,,0,30,,5288,26,,,0,70,,5289,26,,,0
200,'Weekday-01',612,,5291,26,,,0,30,,5290,26,,,0,14,,5331,26,,,0,55,,5294,26,,,0,15,,5295,26,,,0,15,,5296,26,,,0,15,,5297,26,,,0,55,,5292,26,,,0,15,,5293,26,,,0,30,,5298,26,,,0,70,,5299,26,,,0,20,,5322,26,,,0,70,,5303,26,,,0,30,,5304,26,,,0,70,,5305,26,,,0,30,,5306,26,,,0,70,,5307,26,,,0,30,,5308,26,,,0,70,,5309,26,,,0,30,,5300,26,,,0,70,,5301,26,,,0,25,,5302,26,,,0,65,,5310,26,,,0,20,,5311,26,,,0,15,,5312,26,,,0,15,,5313,26,,,0,55,,5314,26,,,0,15,,5315,26,,,0,15,,5316,26,,,0,15,,5317,26,,,0,55,,5318,26,,,0,30,,5323,26,,,0,70,,5324,26,,,0,30,,5325,26,,,0,70,,5326,26,,,0,30,,5327,26,,,0,70,,5319,26,,,0,30,,5320,26,,,0,70,,5321,26,,,0,30,,5332,26,,,0,70,,5328,26,,,0,30,,5333,26,,,0,70,,5329,26,,,0,30,,5334,26,,,0,70,,5330,26,,,0
300,'Saturday-01',641,,5453,36,,,0,70,,5436,36,,,0,30,,5437,36,,,0,70,,5438,36,,,0,30,,5439,36,,,0,70,,5440,36,,,0,30,,5441,36,,,0,70,,5442,36,,,0,30,,5443,36,,,0,70,,5454,36,,,0,30,,5444,36,,,0,70,,5455,36,,,0,30,,5456,36,,,0,70,,5457,36,,,0,30,,5458,36,,,0,70,,5445,36,,,0,30,,5446,36,,,0,70,,5459,36,,,0,30,,5447,36,,,0,70,,5448,36,,,0,30,,5449,36,,,0,70,,5450,36,,,0,30,,5460,36,,,0,71,,5461,36,,,0,30,,5451,36,,,0,70,,5462,36,,,0,30,,5452,36,,,0,70,,5463,36,,,0,30,,5467,36,,,0,70,,5464,36,,,0,100,,5465,36,,,0,100,,5466,36,,,0,100,,5468,36,,,0
300,'Sunday-01',827,,5469,36,,,0,30,,5470,36,,,0,70,,5471,36,,,0,30,,5472,36,,,0,70,,5473,36,,,0,30,,5474,36,,,0,70,,5475,36,,,0,30,,5476,36,,,0,70,,5477,36,,,0,30,,5478,36,,,0,70,,5479,36,,,0,30,,5480,36,,,0,70,,5481,36,,,0,30,,5482,36,,,0,70,,5483,36,,,0,30,,5484,36,,,0,70,,5485,36,,,0,30,,5486,36,,,0,70,,5487,36,,,0,30,,5488,36,,,0,70,,5489,36,,,0
300,'Weekday-01',611,,5490,36,,,0,30,,5491,36,,,0,15,,5492,36,,,0,55,,5493,36,,,0,15,,5494,36,,,0,15,,5495,36,,,0,15,,5496,36,,,0,55,,5497,36,,,0,15,,5498,36,,,0,15,,5499,36,,,0,70,,5500,36,,,0,30,,5501,36,,,0,70,,5502,36,,,0,30,,5503,36,,,0,70,,5504,36,,,0,30,,5505,36,,,0,70,,5506,36,,,0,30,,5507,36,,,0,70,,5508,36,,,0,30,,5509,36,,,0,70,,5510,36,,,0,30,,5511,36,,,0,70,,5512,36,,,0,30,,5513,36,,,0,16,,5514,36,,,0,54,,5515,36,,,0,15,,5516,36,,,0,15,,5517,36,,,0,15,,5518,36,,,0,55,,5519,36,,,0,30,,5520,36,,,0,70,,5521,36,,,0,31,,5522,36,,,0,70,,5523,36,,,0,30,,5524,36,,,0,70,,5525,36,,,0,30,,5530,36,,,0,70,,5529,36,,,0,100,,5526,36,,,0,100,,5527,36,,,0,100,,5528,36,,,0
4000,'Saturday-01',618,,7061,26,,,0,30,,7062,26,,,0,70,,7063,26,,,0,30,,7064,26,,,0,70,,7065,26,,,0,30,,7066,26,,,0,70,,7067,26,,,0,30,,7068,26,,,0,70,,7069,26,,,0,30,,7070,26,,,0,70,,7071,26,,,0,30,,7072,26,,,0,70,,7073,26,,,0,30,,7074,26,,,0,70,,7075,26,,,0,30,,7076,26,,,0,70,,7077,26,,,0,30,,7078,26,,,0,70,,7079,26,,,0,30,,7080,26,,,0,70,,7081,26,,,0,30,,7082,26,,,0,70,,7083,26,,,0,30,,7084,26,,,0,70,,7085,26,,,0,30,,7086,26,,,0,70,,7087,26,,,0,30,,7088,26,,,0,70,,7089,26,,,0,30,,7090,26,,,0,70,,7091,26,,,0,30,,7092,26,,,0,70,,7093,26,,,0,30,,7094,26,,,0,70,,7095,26,,,0,100,,7096,26,,,0
4000,'Sunday-01',818,,7097,26,,,0,30,,7098,26,,,0,70,,7099,26,,,0,30,,7100,26,,,0,70,,7101,26,,,0,30,,7102,26,,,0,70,,7103,26,,,0,30,,7104,26,,,0,70,,7105,26,,,0,30,,7106,26,,,0,70,,7107,26,,,0,30,,7108,26,,,0,70,,7109,26,,,0,30,,7110,26,,,0,70,,7111,26,,,0,30,,7112,26,,,0,70,,7113,26,,,0,30,,7114,26,,,0,70,,7115,26,,,0,30,,7116,26,,,0,70,,7117,26,,,0
4000,'Weekday-01',618,,7155,26,,,0,30,,7146,26,,,0,70,,7147,26,,,0,30,,7148,26,,,0,70,,7149,26,,,0,30,,7150,26,,,0,70,,7151,26,,,0,30,,7152,26,,,0,70,,7153,26,,,0,30,,7154,26,,,0,70,,7121,26,,,0,30,,7143,26,,,0,70,,7142,26,,,0,30,,7141,26,,,0,70,,7140,26,,,0,30,,7122,26,,,0,70,,7139,26,,,0,30,,7138,26,,,0,70,,7144,26,,,0,30,,7123,26,,,0,70,,7124,26,,,0,30,,7125,26,,,0,70,,7137,26,,,0,30,,7145,26,,,0,70,,7127,26,,,0,30,,7129,26,,,0,70,,7136,26,,,0,30,,7135,26,,,0,70,,7134,26,,,0,30,,7126,26,,,0,70,,7133,26,,,0,30,,7132,26,,,0,70,,7131,26,,,0,30,,7130,26,,,0,70,,7120,26,,,0,100,,7128,26,,,0
