700,'Saturday-01',649,,5877,51,,,0,100,,5878,51,,,0,70,,5879,51,,,0,30,,5880,51,,,0,70,,5881,51,,,0,30,,5882,51,,,0,70,,5883,51,,,0,30,,5884,51,,,0,70,,5885,51,,,0,30,,5886,51,,,0,70,,5887,51,,,0,30,,5888,51,,,0,70,,5889,51,,,0,30,,5890,51,,,0,70,,5891,51,,,0,30,,5892,51,,,0,70,,5893,51,,,0,30,,5894,51,,,0,70,,5895,51,,,0,30,,5896,51,,,0,70,,5897,51,,,0,30,,5898,51,,,0,70,,5899,51,,,0,85,,5900,51,,,0,45,,5901,51,,,0,70,,5902,51,,,0,98,,5903,51,,,0,100,,5904,51,,,0,100,,5905,51,,,0,100,,5906,51,,,0
700,'Sunday-01',849,,5917,51,,,0,70,,5918,51,,,0,30,,5919,51,,,0,70,,5920,51,,,0,30,,5921,51,,,0,70,,5922,51,,,0,30,,5923,51,,,0,70,,5924,51,,,0,30,,5925,51,,,0,70,,5926,51,,,0,30,,5916,51,,,0,70,,5912,51,,,0,30,,5907,51,,,0,70,,5908,51,,,0,30,,5909,51,,,0,70,,5910,51,,,0,30,,5911,51,,,0,70,,5913,51,,,0,30,,5914,51,,,0,70,,5915,51,,,0
700,'Weekday-01',619,,5927,51,,,0,30,,5928,51,,,0,55,,5929,51,0,7,0,15,,5930,51,,,0,15,,5931,51,,,0,15,,5932,51,,,0,56,,5933,51,,,0,14,,5934,51,,,0,15,,5935,51,,,0,15,,5936,51,,,0,55,,5937,51,,,0,15,,5938,51,,,0,30,,5939,51,,,0,70,,5940,51,,,0,30,,5941,51,,,0,70,,5942,51,,,0,30,,5943,51,,,0,70,,5944,51,,,0,30,,5945,51,,,0,70,,5946,51,,,0,30,,5947,51,,,0,70,,5948,51,,,0,30,,5949,51,,,0,65,,5950,51,,,0,30,,5951,51,,,0,70,,5952,51,,,0,30,,5953,51,,,0,70,,5954,51,,,0,30,,5955,51,,,0,75,,5956,51,,,0,85,,5957,51,,,0,45,,5958,51,,,0,69,,5959,51,,,0,100,,5960,51,,,0,100,,5961,51,,,0,100,,5962,51,,,0,100,,5963,51,,,0
801,'Saturday-01',654,,6118,54,,,0,100,,6119,54,,,0,100,,6120,54,,,0,100,,6121,54,,,0,70,,6122,54,,,0,30,,6123,54,,,0,70,,6124,54,,,0,30,,6125,54,,,0,70,,6126,54,,,0,30,,6127,54,,,0,70,,6128,54,,,0,30,,6129,54,,,0,70,,6130,54,,,0,30,,6131,54,,,0,70,,6132,54,,,0,30,,6133,54,,,0,70,,6134,54,,,0,30,,6135,54,,,0,70,,6136,54,,,0,30,,6137,54,,,0,65,,6117,54,,,0,100,,6116,54,,,0,100,,6139,54,,,0,100,,6138,54,,,0
801,'Sunday-01',834,,6140,54,,,0,100,,6141,54,,,0,100,,6142,54,,,0,100,,6143,54,,,0,100,,6144,54,,,0,100,,6145,54,,,0,100,,6146,54,,,0,100,,6147,54,,,0,100,,6148,54,,,0,100,,6149,54,,,0,100,,6150,54,,,0
801,'Weekday-01',601,,6151,54,,,0,35,,6152,54,,,0,75,,6153,54,,,0,35,,6154,54,,,0,75,,6155,54,,,0,35,,6156,54,,,0,75,,6157,54,,,0,75,,6158,54,,,0,35,,6159,54,,,0,75,,6160,54,,,0,35,,6161,54,,,0,75,,6162,54,,,0,75,,6163,54,,,0,35,,6164,54,,,0,75,,6165,54,,,0,35,,6166,54,,,0,75,,6167,54,,,0,35,,6168,54,,,0,75,,6169,54,,,0,75,,6170,54,,,0,35,,6171,54,,,0,110,,6172,54,,,0,150,,6173,54,,,0,110,,6174,54,,,0
1500,'Saturday-01',815,,6647,7,,,0,90,,6636,28,,,0,50,,6637,28,,,0,90,,6638,28,,,0,90,,6639,28,,,0,90,,6640,28,,,0,90,,6641,28,,,0,90,,6642,28,,,0,50,,6643,28,,,0,90,,6644,28,,,0,90,,6645,28,,,0,90,,6646,28,,,0,88,,6635,28,,,0
1500,'Weekday-01',815,,6660,7,,,0,90,,6648,28,,,0,50,,6650,28,,,0,90,,6651,28,,,0,90,,6652,28,,,0,90,,6653,28,,,0,90,,6654,28,,,0,90,,6655,28,,,0,50,,6656,28,,,0,90,,6657,28,,,0,90,,6658,28,,,0,90,,6659,28,,,0,88,,6649,28,,,0
6000,'Saturday-01',701,,7411,7,,,0,40,,7412,7,,,0,80,,7413,7,,,0,80,,7414,7,,,0,40,,7415,7,,,0,80,,7416,7,,,0,80,,7417,7,,,0,40,,7418,7,,,0,80,,7419,7,,,0,80,,7420,7,,,0,40,,7421,7,,,0,80,,7422,7,,,0,80,,7423,7,,,0,40,,7424,7,,,0,80,,7425,7,,,0,80,,7426,7,,,0,40,,7427,7,,,0,80,,7428,7,,,0,80,,7429,7,,,0,40,,7430,7,,,0,80,,7431,7,,,0,80,,7432,7,,,0,40,,7433,7,,,0,80,,7434,7,,,0,80,,7435,7,,,0,38,,7436,7,,,0,80,,7437,7,,,0
6000,'Sunday-01',836,,7438,7,,,0,80,,7439,7,,,0,40,,7440,7,,,0,80,,7441,7,,,0,80,,7442,7,,,0,40,,7443,7,,,0,80,,7444,7,,,0,80,,7445,7,,,0,40,,7446,7,,,0,80,,7447,7,,,0,80,,7448,7,,,0,40,,7449,7,,,0,80,,7450,7,,,0,80,,7451,7,,,0,40,,7452,7,,,0,80,,7453,7,,,0
6000,'Weekday-01',636,,7454,7,,,0,65,,7455,7,,,0,25,,7456,7,,,0,25,,7457,7,,,0,65,,7458,7,,,0,35,,7459,7,,,0,80,,7460,7,,,0,75,,7461,7,,,0,40,,7462,7,,,0,80,,7463,7,,,0,80,,7464,7,,,0,40,,7465,7,,,0,80,,7466,7,,,0,80,,7467,7,,,0,25,,7468,7,,,0,25,,7469,7,,,0,65,,7470,7,,,0,25,,7471,7,,,0,65,,7472,7,,,0,25,,7473,7,,,0,65,,7474,7,,,0,25,,7475,7,,,0,25,,7476,7,,,0,65,,7477,7,,,0,25,,7478,7,,,0,65,,7479,7,,,0,25,,7480,7,,,0,25,,7481,7,,,0,75,,7482,7,,,0,80,,7483,7,,,0,40,,7484,7,,,0,80,,7485,7,,,0,80,,7486,7,,,0,38,,7487,7,,,0,70,,7488,7,,,0
