200,'Saturday-01',645,,5237,29,,,0,70,,5238,29,,,0,30,,5239,29,,,0,70,,5240,29,,,0,30,,5241,29,,,0,70,,5242,29,,,0,30,,5243,29,,,0,70,,5244,29,,,0,30,,5245,29,,,0,70,,5246,29,,,0,30,,5247,29,,,0,70,,5248,29,,,0,30,,5249,29,,,0,70,,5250,29,,,0,30,,5251,29,,,0,70,,5252,29,,,0,30,,5253,29,,,0,70,,5254,29,,,0,30,,5255,29,,,0,70,,5256,29,,,0,30,,5257,29,,,0,70,,5258,29,,,0,30,,5259,29,,,0,70,,5260,29,,,0,30,,5261,29,,,0,70,,5262,29,,,0,30,,5264,29,,,0,70,,5265,29,,,0,30,,5266,29,,,0,70,,5267,29,,,0,100,,5268,29,,,0,100,,5269,29,,,0,100,,5270,29,,,0
200,'Sunday-01',830,,5271,29,,,0,70,,5272,29,,,0,30,,5273,29,,,0,70,,5274,29,,,0,30,,5275,29,,,0,70,,5276,29,,,0,30,,5277,29,,,0,70,,5278,29,,,0,30,,5279,29,,,0,70,,5280,29,,,0,30,,5281,29,,,0,70,,5282,29,,,0,30,,5283,29,,,0,70,,5284,29,,,0,30,,5285,29,,,0,70,,5286,29,,,0,30,,5287,29,,,0,70,,5288,29,,,0,30,,5289,29,,,0
200,'Weekday-01',615,,5291,29,,,0,30,,5290,29,,,0,55,,5331,29,,,0,15,,5294,29,,,0,15,,5295,29,,,0,15,,5296,29,,,0,55,,5297,29,,,0,15,,5292,29,,,0,15,,5293,29,,,0,70,,5298,29,,,0,30,,5299,29,,,0,20,,5322,29,,,0,70,,5303,29,,,0,30,,5304,29,,,0,70,,5305,29,,,0,30,,5306,29,,,0,70,,5307,29,,,0,30,,5308,29,,,0,70,,5309,29,,,0,30,,5300,29,,,0,70,,5301,29,,,0,25,,5302,29,,,0,65,,5310,29,,,0,20,,5311,29,,,0,15,,5312,29,,,0,55,,5313,29,,,0,15,,5314,29,,,0,15,,5315,29,,,0,15,,5316,29,,,0,55,,5317,29,,,0,15,,5318,29,,,0,30,,5323,29,,,0,70,,5324,29,,,0,30,,5325,29,,,0,70,,5326,29,,,0,30,,5327,29,,,0,70,,5319,29,,,0,30,,5320,29,,,0,70,,5321,29,,,0,30,,5332,29,,,0,70,,5328,29,,,0,30,,5333,29,,,0,70,,5329,29,,,0,30,,5334,29,,,0,70,,5330,29,,,0
300,'Saturday-01',645,,5453,39,,,0,70,,5436,39,,,0,30,,5437,39,,,0,70,,5438,39,,,0,30,,5439,39,,,0,70,,5440,39,,,0,30,,5441,39,,,0,70,,5442,39,,,0,30,,5443,39,,,0,70,,5454,39,,,0,30,,5444,39,,,0,70,,5455,39,,,0,30,,5456,39,,,0,70,,5457,39,,,0,30,,5458,39,,,0,70,,5445,39,,,0,30,,5446,39,,,0,70,,5459,39,,,0,30,,5447,39,,,0,70,,5448,39,,,0,30,,5449,39,,,0,70,,5450,39,,,0,30,,5460,39,,,0,70,,5461,39,,,0,30,,5451,39,,,0,70,,5462,39,,,0,30,,5452,39,,,0,70,,5463,39,,,0,30,,5467,39,,,0,70,,5464,39,,,0,100,,5465,39,,,0,100,,5466,39,,,0,100,,5468,39,,,0
300,'Sunday-01',830,,5469,39,,,0,70,,5470,39,,,0,30,,5471,39,,,0,70,,5472,39,,,0,30,,5473,39,,,0,70,,5474,39,,,0,30,,5475,39,,,0,70,,5476,39,,,0,30,,5477,39,,,0,70,,5478,39,,,0,30,,5479,39,,,0,70,,5480,39,,,0,30,,5481,39,,,0,70,,5482,39,,,0,30,,5483,39,,,0,70,,5484,39,,,0,30,,5485,39,,,0,70,,5486,39,,,0,30,,5487,39,,,0,70,,5488,39,,,0,30,,5489,39,,,0
300,'Weekday-01',615,,5490,39,,,0,30,,5491,39,,,0,55,,5492,39,,,0,15,,5493,39,,,0,15,,5494,39,,,0,15,,5495,39,,,0,55,,5496,39,,,0,15,,5497,39,,,0,15,,5498,39,,,0,15,,5499,39,,,0,70,,5500,39,,,0,30,,5501,39,,,0,70,,5502,39,,,0,30,,5503,39,,,0,70,,5504,39,,,0,30,,5505,39,,,0,70,,5506,39,,,0,30,,5507,39,,,0,70,,5508,39,,,0,30,,5509,39,,,0,70,,5510,39,,,0,30,,5511,39,,,0,70,,5512,39,,,0,30,,5513,39,,,0,55,,5514,39,,,0,15,,5515,39,,,0,15,,5516,39,,,0,15,,5517,39,,,0,55,,5518,39,,,0,15,,5519,39,,,0,30,,5520,39,,,0,70,,5521,39,,,0,30,,5522,39,,,0,70,,5523,39,,,0,30,,5524,39,,,0,70,,5525,39,,,0,30,,5530,39,,,0,70,,5529,39,,,0,100,,5526,39,,,0,100,,5527,39,,,0,100,,5528,39,,,0
700,'Saturday-01',645,,5877,45,,,0,100,,5878,45,,,0,70,,5879,45,,,0,30,,5880,45,,,0,70,,5881,45,,,0,30,,5882,45,,,0,70,,5883,45,,,0,30,,5884,45,,,0,70,,5885,45,,,0,30,,5886,45,,,0,70,,5887,45,,,0,30,,5888,45,,,0,70,,5889,45,,,0,30,,5890,45,,,0,70,,5891,45,,,0,30,,5892,45,,,0,70,,5893,45,,,0,30,,5894,45,,,0,70,,5895,45,,,0,30,,5896,45,,,0,70,,5897,45,,,0,30,,5898,45,,,0,70,,5899,45,,,0,85,,5900,45,,,0,45,,5901,45,,,0,70,,5902,45,,,0,100,,5903,45,,,0,100,,5904,45,,,0,100,,5905,45,,,0,100,,5906,45,,,0
700,'Sunday-01',845,,5917,45,,,0,70,,5918,45,,,0,30,,5919,45,,,0,70,,5920,45,,,0,30,,5921,45,,,0,70,,5922,45,,,0,30,,5923,45,,,0,70,,5924,45,,,0,30,,5925,45,,,0,70,,5926,45,,,0,30,,5916,45,,,0,70,,5912,45,,,0,30,,5907,45,,,0,70,,5908,45,,,0,30,,5909,45,,,0,70,,5910,45,,,0,30,,5911,45,,,0,70,,5913,45,,,0,30,,5914,45,,,0,70,,5915,45,,,0
700,'Weekday-01',615,,5927,45,,,0,30,,5928,45,,,0,55,,5929,45,0,7,0,15,,5930,45,,,0,15,,5931,45,,,0,15,,5932,45,,,0,55,,5933,45,,,0,15,,5934,45,,,0,15,,5935,45,,,0,15,,5936,45,,,0,55,,5937,45,,,0,15,,5938,45,,,0,30,,5939,45,,,0,70,,5940,45,,,0,30,,5941,45,,,0,70,,5942,45,,,0,30,,5943,45,,,0,70,,5944,45,,,0,30,,5945,45,,,0,70,,5946,45,,,0,30,,5947,45,,,0,70,,5948,45,,,0,30,,5949,45,,,0,65,,5950,45,,,0,30,,5951,45,,,0,70,,5952,45,,,0,30,,5953,45,,,0,70,,5954,45,,,0,30,,5955,45,,,0,75,,5956,45,,,0,85,,5957,45,,,0,45,,5958,45,,,0,70,,5959,45,,,0,100,,5960,45,,,0,100,,5961,45,,,0,100,,5962,45,,,0,100,,5963,45,,,0
900,'Saturday-01',630,,6175,44,,,0,70,,6176,44,,,0,30,,6177,44,,,0,70,,6178,44,,,0,30,,6179,44,,,0,70,,6180,44,,,0,30,,6181,44,,,0,70,,6182,44,,,0,30,,6183,44,,,0,70,,6184,44,,,0,30,,6185,44,,,0,70,,6186,44,,,0,30,,6187,44,,,0,70,,6188,44,,,0,30,,6189,44,,,0,70,,6190,44,,,0,30,,6191,44,,,0,70,,6192,44,,,0,30,,6193,44,,,0,70,,6194,44,,,0,30,,6195,44,,,0,70,,6196,44,,,0,45,,6197,44,,,0,70,,6198,44,,,0,30,,6199,44,,,0,85,,6200,44,,,0,70,,6202,44,,,0,45,,6203,44,,,0,100,,6204,44,,,0,100,,6205,44,,,0,100,,6201,44,,,0
900,'Sunday-01',800,,6225,44,,,0,30,,6227,44,,,0,70,,6215,44,,,0,30,,6214,44,,,0,70,,6216,44,,,0,30,,6209,44,,,0,70,,6217,44,,,0,30,,6210,44,,,0,70,,6218,44,,,0,30,,6211,44,,,0,70,,6219,44,,,0,30,,6212,44,,,0,70,,6220,44,,,0,30,,6213,44,,,0,70,,6221,44,,,0,30,,6206,44,,,0,70,,6222,44,,,0,30,,6207,44,,,0,70,,6223,44,,,0,30,,6208,44,,,0,70,,6224,44,,,0,30,,6226,44,,,0
900,'Weekday-01',600,,6228,44,,,0,30,,6229,44,,,0,25,,6230,44,,,0,70,,6231,44,,,0,30,,6232,44,,,0,70,,6233,44,,,0,30,,6234,44,,,0,75,,6235,44,,,0,70,,6236,44,,,0,30,,6237,44,,,0,70,,6238,44,,,0,30,,6239,44,,,0,70,,6240,44,,,0,30,,6241,44,,,0,70,,6242,44,,,0,30,,6243,44,,,0,70,,6244,44,,,0,30,,6245,44,,,0,70,,6246,44,,,0,15,,6247,44,,,0,15,,6248,44,,,0,15,,6249,44,,,0,55,,6250,44,,,0,30,,6251,44,,,0,15,,6252,44,,,0,55,,6253,44,,,0,15,,6254,44,,,0,30,,6255,44,,,0,70,,6256,44,,,0,30,,6257,44,,,0,85,,6258,44,,,0,70,,6259,44,,,0,45,,6260,44,,,0,100,,6261,44,,,0,100,,6262,44,,,0,100,,6263,44,,,0
1200,'Saturday-01',645,,6492,34,,,0,100,,6493,34,,,0,100,,6494,34,,,0,70,,6495,34,,,0,30,,6496,34,,,0,70,,6497,34,,,0,30,,6498,34,,,0,70,,6499,34,,,0,30,,6500,34,,,0,70,,6501,34,,,0,30,,6502,34,,,0,70,,6503,34,,,0,30,,6504,34,,,0,70,,6505,34,,,0,30,,6506,34,,,0,70,,6507,34,,,0,30,,6508,34,,,0,70,,6509,34,,,0,30,,6510,34,,,0,70,,6515,34,,,0,30,,6516,34,,,0,70,,6511,34,,,0,100,,6512,34,,,0,100,,6517,34,,,0,100,,6518,34,,,0,100,,6519,34,,,0,100,,6520,34,,,0,100,,6521,34,,,0
1200,'Sunday-01',830,,6522,34,,,0,100,,6523,34,,,0,100,,6524,34,,,0,100,,6525,34,,,0,100,,6526,34,,,0,100,,6527,34,,,0,100,,6528,34,,,0,100,,6529,34,,,0,100,,6530,34,,,0,100,,6531,34,,,0,100,,6532,34,,,0
1200,'Weekday-01',615,,6560,34,,,0,30,,6561,34,,,0,70,,6562,34,,,0,30,,6563,34,,,0,70,,6549,34,,,0,30,,6550,34,,,0,70,,6541,34,,,0,30,,6542,34,,,0,70,,6540,34,,,0,30,,6539,34,,,0,70,,6538,34,,,0,30,,6537,34,,,0,70,,6536,34,,,0,30,,6535,34,,,0,70,,6534,34,,,0,30,,6533,34,,,0,70,,6558,34,,,0,30,,6557,34,,,0,70,,6556,34,,,0,30,,6555,34,,,0,70,,6551,34,,,0,30,,6552,34,,,0,70,,6553,34,,,0,30,,6554,34,,,0,70,,6559,34,,,0,100,,6543,34,,,0,100,,6544,34,,,0,100,,6545,34,,,0,100,,6546,34,,,0,100,,6547,34,,,0,100,,6548,34,,,0
1500,'Saturday-01',810,,6647,1,,,0,90,,6636,22,,,0,50,,6637,22,,,0,90,,6638,22,,,0,90,,6639,22,,,0,90,,6640,22,,,0,90,,6641,22,,,0,90,,6642,22,,,0,50,,6643,22,,,0,90,,6644,22,,,0,90,,6645,22,,,0,90,,6646,22,,,0,90,,6635,22,,,0
1500,'Weekday-01',810,,6660,1,,,0,90,,6648,22,,,0,50,,6650,22,,,0,90,,6651,22,,,0,90,,6652,22,,,0,90,,6653,22,,,0,90,,6654,22,,,0,90,,6655,22,,,0,50,,6656,22,,,0,90,,6657,22,,,0,90,,6658,22,,,0,90,,6659,22,,,0,90,,6649,22,,,0
3000,'Weekday-01',653,,7025,7,,,0,70,,7019,7,,,0,30,,7026,7,,,0,70,,7027,7,,,0,30,,7028,7,,,0,70,,7029,7,,,0,30,,7020,7,,,0,70,,7021,7,,,0,30,,7030,7,,,0,72,,7031,7,,,0,30,,7032,7,,,0,70,,7033,7,,,0,32,,7034,7,,,0,70,,7022,7,,,0,30,,7035,7,,,0,70,,7036,7,,,0,30,,7037,7,,,0,70,,7038,7,,,0,30,,7023,7,,,0,70,,7024,7,,,0,30,,7039,7,,,0
