1200,'Saturday-01',703,,6492,75,4,,0,100,,6493,75,4,,0,17,,6513,1,,,0,30,,6514,1,,,0,65,,6494,75,,,0,30,,6495,75,,,0,70,,6496,75,,,0,30,,6497,75,,,0,70,,6498,75,,,0,30,,6499,75,,,0,70,,6500,75,,,0,30,,6501,75,,,0,70,,6502,75,,,0,30,,6503,75,,,0,70,,6504,75,,,0,30,,6505,75,,,0,70,,6506,75,,,0,30,,6507,75,,,0,70,,6508,75,,,0,30,,6509,75,,,0,70,,6510,75,,,0,30,,6515,75,,,0,70,,6516,75,,,0,25,,6511,72,4,,0,100,,6512,72,4,,0,100,,6517,72,4,,0,100,,6518,72,4,,0,100,,6519,72,4,,0,100,,6520,72,4,,0,100,,6521,72,4,,0
1200,'Sunday-01',852,,6522,75,4,,0,100,,6523,75,4,,0,100,,6524,75,4,,0,100,,6525,75,4,,0,100,,6526,75,4,,0,100,,6527,75,4,,0,100,,6528,75,4,,0,100,,6529,75,4,,0,100,,6530,75,4,,0,100,,6531,75,4,,0,100,,6532,75,4,,0
1200,'Weekday-01',642,,6560,71,,,0,70,,6561,71,,,0,30,,6562,71,,,0,70,,6563,71,,,0,34,,6549,75,,,0,70,,6550,75,,,0,30,,6541,75,,,0,70,,6542,75,,,0,30,,6540,75,,,0,70,,6539,75,,,0,30,,6538,75,,,0,70,,6537,75,,,0,30,,6536,75,,,0,70,,6535,75,,,0,30,,6534,75,,,0,70,,6533,75,,,0,30,,6558,75,,,0,70,,6557,75,,,0,30,,6556,75,,,0,70,,6555,75,,,0,30,,6551,75,,,0,70,,6552,75,,,0,30,,6553,75,,,0,70,,6554,75,,,0,21,,6559,72,4,,0,100,,6543,72,4,,0,100,,6544,72,4,,0,100,,6545,72,4,,0,100,,6546,72,4,,0,100,,6547,72,4,,0,100,,6548,72,4,,0
1201,'Saturday-01',608,,6564,1,,,0,100,,6565,1,,,0,100,,6566,1,,,0,28,,6570,11,,,0,70,,6571,11,,,0,30,,6572,11,,,0,70,,6573,11,,,0,30,,6574,11,,,0,70,,6575,11,,,0,30,,6576,11,,,0,70,,6577,11,,,0,30,,6578,11,,,0,70,,6579,11,,,0,30,,6580,11,,,0,70,,6581,11,,,0,30,,6582,11,,,0,70,,6583,11,,,0,30,,6584,11,,,0,70,,6585,11,,,0,30,,6586,11,,,0,70,,6569,11,,,0,30,,6568,11,,,0,109,,6567,1,,,0,100,,6590,1,,,0,100,,6591,1,,,0,100,,6587,1,,,0,100,,6588,1,,,0,100,,6589,1,,,0
1201,'Sunday-01',757,,6592,1,,,0,100,,6593,1,,,0,100,,6594,1,,,0,100,,6595,1,,,0,100,,6596,1,,,0,100,,6597,1,,,0,100,,6598,1,,,0,100,,6599,1,,,0,100,,6600,1,,,0,100,,6601,1,,,0,100,,6602,1,,,0
1201,'Weekday-01',602,,6628,11,,,0,30,,6629,11,,,0,70,,6630,11,,,0,30,,6631,11,,,0,70,,6632,11,,,0,30,,6609,11,,,0,74,,6620,11,,,0,30,,6621,11,,,0,70,,6622,11,,,0,30,,6623,11,,,0,70,,6624,11,,,0,30,,6625,11,,,0,70,,6626,11,,,0,30,,6627,11,,,0,70,,6610,11,,,0,30,,6611,11,,,0,70,,6612,11,,,0,30,,6613,11,,,0,70,,6619,11,,,0,30,,6614,11,,,0,70,,6615,11,,,0,30,,6616,11,,,0,70,,6617,11,,,0,30,,6618,11,,,0,70,,6634,11,,,0,36,,6603,1,,,0,100,,6604,1,,,0,100,,6605,1,,,0,100,,6606,1,,,0,100,,6607,1,,,0,100,,6608,1,,,0
2200,'Weekday-01',654,,6924,1,,,0,70,,6927,1,,,0,30,,6925,1,,,0,70,,6926,1,,,0,30,,6928,1,,,0,70,,6929,1,,,0,30,,6930,1,,,0,100,,6931,1,,,0,100,,6932,1,,,0,100,,6933,1,,,0,100,,6915,1,,,0,70,,6923,1,,,0,30,,6912,1,,,0,70,,6916,1,,,0,76,,6917,1,,,0,30,,6918,1,,,0,70,,6919,1,,,0,30,,6920,1,,,0,70,,6921,1,,,0,30,,6922,1,,,0,70,,6935,1,,,0,30,,6934,1,,,0,70,,6936,1,,,0,225,,6913,1,,,0
2201,'Weekday-01',754,,6938,24,4,,0,70,,6939,24,4,,0,30,,6949,24,4,,0,70,,6951,24,4,,0,30,,6952,24,4,,0,70,,6955,24,4,,0,30,,6956,24,4,,0,100,,6957,24,4,,0,100,,6958,24,4,,0,100,,6959,24,4,,0,70,,6953,24,4,,0,30,,6954,24,4,,0,70,,6950,24,4,,0,76,,6940,24,4,,0,24,,6941,24,4,,0,30,,6942,24,4,,0,70,,6943,24,4,,0,30,,6944,24,4,,0,70,,6945,24,4,,0,76,,6946,24,4,,0,30,,6948,24,4,,0,70,,6960,24,4,,0,30,,6961,24,4,,0,70,,6962,24,4,,0,125,,6947,24,4,,0
6000,'Saturday-01',725,,7411,14,,,0,80,,7412,14,,,0,40,,7413,14,,,0,80,,7414,14,,,0,80,,7415,14,,,0,40,,7416,14,,,0,80,,7417,14,,,0,80,,7418,14,,,0,40,,7419,14,,,0,80,,7420,14,,,0,80,,7421,14,,,0,40,,7422,14,,,0,80,,7423,14,,,0,80,,7424,14,,,0,40,,7425,14,,,0,80,,7426,14,,,0,80,,7427,14,,,0,40,,7428,14,,,0,80,,7429,14,,,0,80,,7430,14,,,0,40,,7431,14,,,0,80,,7432,14,,,0,80,,7433,14,,,0,40,,7434,14,,,0,80,,7435,14,,,0,27,,7436,14,,,0,80,,7437,14,,,0
6000,'Sunday-01',900,,7438,14,,,0,40,,7439,14,,,0,80,,7440,14,,,0,80,,7441,14,,,0,40,,7442,14,,,0,80,,7443,14,,,0,80,,7444,14,,,0,40,,7445,14,,,0,80,,7446,14,,,0,80,,7447,14,,,0,40,,7448,14,,,0,80,,7449,14,,,0,80,,7450,14,,,0,40,,7451,14,,,0,80,,7452,14,,,0,80,,7453,14,,,0
6000,'Weekday-01',700,,7454,14,,,0,25,,7455,14,,,0,25,,7456,14,,,0,65,,7457,14,,,0,25,,7458,14,,,0,75,,7459,14,,,0,40,,7460,14,,,0,75,,7461,14,,,0,80,,7462,14,,,0,40,,7463,14,,,0,80,,7464,14,,,0,80,,7465,14,,,0,40,,7466,14,,,0,80,,7467,14,,,0,25,,7468,14,,,0,65,,7469,14,,,0,25,,7470,14,,,0,65,,7471,14,,,0,25,,7472,14,,,0,65,,7473,14,,,0,25,,7474,14,,,0,25,,7475,14,,,0,65,,7476,14,,,0,25,,7477,14,,,0,65,,7478,14,,,0,25,,7479,14,,,0,25,,7480,14,,,0,65,,7481,14,,,0,35,,7482,14,,,0,80,,7483,14,,,0,80,,7484,14,,,0,40,,7485,14,,,0,80,,7486,14,,,0,67,,7487,14,,,0,30,,7488,14,,,0
6001,'Saturday-01',634,,7491,19,,,0,80,,7492,19,,,0,40,,7493,19,,,0,80,,7494,19,,,0,80,,7495,19,,,0,40,,7496,19,,,0,80,,7497,19,,,0,80,,7498,19,,,0,40,,7499,19,,,0,80,,7500,19,,,0,80,,7501,19,,,0,40,,7502,19,,,0,80,,7503,19,,,0,80,,7504,19,,,0,40,,7505,19,,,0,80,,7506,19,,,0,80,,7507,19,,,0,40,,7508,19,,,0,80,,7509,19,,,0,80,,7510,19,,,0,40,,7511,19,,,0,80,,7512,19,,,0,80,,7513,19,,,0,40,,7514,19,,,0,80,,7515,19,,,0,80,,7516,19,,,0,40,,7517,19,,,0,57,,7489,19,4,,0,40,,7490,19,4,,0
6001,'Sunday-01',809,,7520,19,,,0,40,,7521,19,,,0,80,,7522,19,,,0,80,,7523,19,,,0,40,,7524,19,,,0,80,,7525,19,,,0,80,,7526,19,,,0,40,,7527,19,,,0,80,,7528,19,,,0,80,,7529,19,,,0,40,,7530,19,,,0,80,,7531,19,,,0,80,,7532,19,,,0,40,,7533,19,,,0,80,,7534,19,,,0,80,,7535,19,,,0,30,,7518,19,4,,0,80,,7519,19,4,,0
6001,'Weekday-01',609,,7538,19,,,0,25,,7539,19,,,0,25,,7540,19,,,0,65,,7541,19,,,0,25,,7542,19,,,0,75,,7543,19,,,0,15,,7544,19,,,0,65,,7545,19,,,0,35,,7546,19,,,0,80,,7547,19,,,0,40,,7548,19,,,0,80,,7549,19,,,0,80,,7550,19,,,0,40,,7551,19,,,0,80,,7552,19,,,0,90,,7553,19,,,0,25,,7554,19,,,0,65,,7555,19,,,0,25,,7556,19,,,0,65,,7557,19,,,0,25,,7558,19,,,0,25,,7559,19,,,0,65,,7560,19,,,0,25,,7561,19,,,0,65,,7562,19,,,0,25,,7563,19,,,0,65,,7564,19,,,0,25,,7565,19,,,0,75,,7566,19,,,0,15,,7567,19,,,0,25,,7568,19,,,0,80,,7569,19,,,0,80,,7570,19,,,0,40,,7571,19,,,0,80,,7572,19,,,0,30,,7573,19,,,0,67,,7536,19,4,,0,30,,7537,19,4,,0
