700,'Saturday-01',643,,5877,44,,,0,100,,5878,44,,,0,70,,5879,44,,,0,30,,5880,44,,,0,70,,5881,44,,,0,30,,5882,44,,,0,70,,5883,44,,,0,30,,5884,44,,,0,70,,5885,44,,,0,30,,5886,44,,,0,70,,5887,44,,,0,30,,5888,44,,,0,70,,5889,44,,,0,30,,5890,44,,,0,70,,5891,44,,,0,30,,5892,44,,,0,70,,5893,44,,,0,30,,5894,44,,,0,70,,5895,44,,,0,30,,5896,44,,,0,70,,5897,44,,,0,30,,5898,44,,,0,70,,5899,44,,,0,45,,5900,44,,,0,85,,5901,44,,,0,70,,5902,44,,,0,101,,5903,44,,,0,100,,5904,44,,,0,100,,5905,44,,,0,100,,5906,44,,,0
700,'Sunday-01',843,,5917,44,,,0,70,,5918,44,,,0,30,,5919,44,,,0,70,,5920,44,,,0,30,,5921,44,,,0,70,,5922,44,,,0,30,,5923,44,,,0,70,,5924,44,,,0,30,,5925,44,,,0,70,,5926,44,,,0,30,,5916,44,,,0,70,,5912,44,,,0,30,,5907,44,,,0,70,,5908,44,,,0,30,,5909,44,,,0,70,,5910,44,,,0,30,,5911,44,,,0,70,,5913,44,,,0,30,,5914,44,,,0,70,,5915,44,,,0
700,'Weekday-01',613,,5927,44,,,0,30,,5928,44,,,0,15,,5929,44,0,7,0,55,,5930,44,,,0,15,,5931,44,,,0,15,,5932,44,,,0,15,,5933,44,,,0,55,,5934,44,,,0,15,,5935,44,,,0,15,,5936,44,,,0,15,,5937,44,,,0,55,,5938,44,,,0,30,,5939,44,,,0,70,,5940,44,,,0,30,,5941,44,,,0,70,,5942,44,,,0,30,,5943,44,,,0,70,,5944,44,,,0,30,,5945,44,,,0,70,,5946,44,,,0,30,,5947,44,,,0,70,,5948,44,,,0,30,,5949,44,,,0,65,,5950,44,,,0,30,,5951,44,,,0,70,,5952,44,,,0,30,,5953,44,,,0,70,,5954,44,,,0,30,,5955,44,,,0,75,,5956,44,,,0,45,,5957,44,,,0,85,,5958,44,,,0,70,,5959,44,,,0,101,,5960,44,,,0,100,,5961,44,,,0,100,,5962,44,,,0,100,,5963,44,,,0
900,'Saturday-01',629,,6175,43,,,0,30,,6176,43,,,0,70,,6177,43,,,0,30,,6178,43,,,0,70,,6179,43,,,0,30,,6180,43,,,0,70,,6181,43,,,0,30,,6182,43,,,0,70,,6183,43,,,0,30,,6184,43,,,0,70,,6185,43,,,0,30,,6186,43,,,0,70,,6187,43,,,0,30,,6188,43,,,0,70,,6189,43,,,0,30,,6190,43,,,0,70,,6191,43,,,0,30,,6192,43,,,0,70,,6193,43,,,0,30,,6194,43,,,0,70,,6195,43,,,0,30,,6196,43,,,0,85,,6197,43,,,0,70,,6198,43,,,0,30,,6199,43,,,0,85,,6200,43,,,0,30,,6202,43,,,0,85,,6203,43,,,0,100,,6204,43,,,0,100,,6205,43,,,0,100,,6201,43,,,0
900,'Sunday-01',759,,6225,43,,,0,70,,6227,43,,,0,30,,6215,43,,,0,70,,6214,43,,,0,30,,6216,43,,,0,70,,6209,43,,,0,30,,6217,43,,,0,70,,6210,43,,,0,30,,6218,43,,,0,70,,6211,43,,,0,30,,6219,43,,,0,70,,6212,43,,,0,30,,6220,43,,,0,70,,6213,43,,,0,30,,6221,43,,,0,70,,6206,43,,,0,30,,6222,43,,,0,70,,6207,43,,,0,30,,6223,43,,,0,70,,6208,43,,,0,30,,6224,43,,,0,70,,6226,43,,,0
900,'Weekday-01',559,,6228,43,,,0,70,,6229,43,,,0,25,,6230,43,,,0,70,,6231,43,,,0,30,,6232,43,,,0,70,,6233,43,,,0,30,,6234,43,,,0,75,,6235,43,,,0,30,,6236,43,,,0,70,,6237,43,,,0,30,,6238,43,,,0,70,,6239,43,,,0,30,,6240,43,,,0,70,,6241,43,,,0,30,,6242,43,,,0,70,,6243,43,,,0,30,,6244,43,,,0,70,,6245,43,,,0,30,,6246,43,,,0,55,,6247,43,,,0,15,,6248,43,,,0,15,,6249,43,,,0,15,,6250,43,,,0,70,,6251,43,,,0,15,,6252,43,,,0,15,,6253,43,,,0,55,,6254,43,,,0,30,,6255,43,,,0,70,,6256,43,,,0,30,,6257,43,,,0,85,,6258,43,,,0,30,,6259,43,,,0,85,,6260,43,,,0,100,,6261,43,,,0,100,,6262,43,,,0,100,,6263,43,,,0
1500,'Saturday-01',858,,6636,21,,,0,90,,6637,21,,,0,90,,6638,21,,,0,90,,6639,21,,,0,90,,6640,21,,,0,90,,6641,21,,,0,50,,6642,21,,,0,90,,6643,21,,,0,90,,6644,21,,,0,90,,6645,21,,,0,90,,6646,21,,,0,90,,6635,21,,,0
1500,'Weekday-01',858,,6648,21,,,0,90,,6650,21,,,0,90,,6651,21,,,0,90,,6652,21,,,0,90,,6653,21,,,0,90,,6654,21,,,0,50,,6655,21,,,0,90,,6656,21,,,0,90,,6657,21,,,0,90,,6658,21,,,0,90,,6659,21,,,0,90,,6649,21,,,0
2400,'Weekday-01',555,,6963,1,,,0,60,,6964,1,,,0,20,,6965,1,,,0,20,,6966,1,,,0,60,,6967,1,,,0,20,,6968,1,,,0,20,,6969,1,,,0,60,,6970,1,,,0,20,,6971,1,,,0,20,,6972,1,,,0,700,,6973,1,,,0,80,,6974,1,,,0,80,,6975,1,,,0,40,,6976,1,,,0,80,,6977,1,,,0,80,,6978,1,,,0,40,,6979,1,,,0,80,,6980,1,,,0,20,,6981,1,,,0,60,,6982,1,,,0,20,,6983,1,,,0,20,,6984,1,,,0,60,,6985,1,,,0,20,,6986,1,,,0,20,,6987,1,,,0,60,,6988,1,,,0,20,,6989,1,,,0,20,,6990,1,,,0,60,,6991,1,,,0
2401,'Weekday-01',615,,6993,17,4,,0,20,,6994,17,4,,0,20,,6995,17,4,,0,60,,6996,17,4,,0,20,,6997,17,4,,0,20,,6998,17,4,,0,60,,6999,17,4,,0,20,,7000,17,4,,0,20,,7001,17,4,,0,60,,7002,17,4,,0,720,,7003,17,4,,0,80,,7004,17,4,,0,40,,7005,17,4,,0,80,,7006,17,4,,0,80,,7007,17,4,,0,40,,7008,17,4,,0,80,,7009,17,4,,0,80,,7010,17,4,,0,20,,7011,17,4,,0,20,,7012,17,4,,0,60,,7013,17,4,,0,20,,7014,17,4,,0,20,,7015,17,4,,0,60,,7016,17,4,,0,20,,7017,17,4,,0,20,,6992,17,4,,0,60,,7018,17,4,,0
4001,'Saturday-01',620,,7157,35,,,0,100,,7158,35,,,0,30,,7159,35,,,0,70,,7160,35,,,0,30,,7161,35,,,0,70,,7162,35,,,0,30,,7163,35,,,0,70,,7164,35,,,0,30,,7165,35,,,0,70,,7166,35,,,0,30,,7167,35,,,0,70,,7168,35,,,0,30,,7169,35,,,0,70,,7170,35,,,0,30,,7171,35,,,0,70,,7172,35,,,0,30,,7173,35,,,0,70,,7174,35,,,0,30,,7175,35,,,0,70,,7176,35,,,0,30,,7177,35,,,0,70,,7178,35,,,0,30,,7179,35,,,0,70,,7180,35,,,0,30,,7181,35,,,0,70,,7182,35,,,0,30,,7183,35,,,0,70,,7184,35,,,0,30,,7185,35,,,0,70,,7186,35,,,0,30,,7187,35,,,0,70,,7188,35,,,0,30,,7189,35,,,0,70,,7190,35,,,0,100,,7191,35,,,0
4001,'Sunday-01',820,,7193,35,,,0,30,,7194,35,,,0,70,,7195,35,,,0,30,,7196,35,,,0,70,,7197,35,,,0,30,,7198,35,,,0,70,,7199,35,,,0,30,,7200,35,,,0,70,,7201,35,,,0,30,,7202,35,,,0,70,,7203,35,,,0,30,,7204,35,,,0,70,,7205,35,,,0,30,,7206,35,,,0,70,,7207,35,,,0,30,,7208,35,,,0,70,,7209,35,,,0,30,,7210,35,,,0,70,,7211,35,,,0,30,,7212,35,,,0,70,,7213,35,,,0
4001,'Weekday-01',620,,7249,35,,,0,30,,7214,35,,,0,70,,7215,35,,,0,30,,7216,35,,,0,70,,7217,35,,,0,30,,7218,35,,,0,70,,7219,35,,,0,30,,7220,35,,,0,70,,7221,35,,,0,30,,7222,35,,,0,70,,7223,35,,,0,30,,7224,35,,,0,70,,7225,35,,,0,30,,7226,35,,,0,70,,7227,35,,,0,30,,7228,35,,,0,70,,7229,35,,,0,30,,7230,35,,,0,70,,7231,35,,,0,30,,7232,35,,,0,70,,7233,35,,,0,30,,7234,35,,,0,70,,7235,35,,,0,30,,7236,35,,,0,70,,7237,35,,,0,30,,7238,35,,,0,70,,7239,35,,,0,30,,7240,35,,,0,70,,7241,35,,,0,30,,7242,35,,,0,70,,7243,35,,,0,30,,7244,35,,,0,70,,7245,35,,,0,30,,7246,35,,,0,70,,7247,35,,,0,100,,7248,35,,,0
