101,'Saturday-01',721,,5144,25,,,0,30,,5145,25,,,0,75,,5175,21,,,0,30,,5164,21,,,0,70,,5165,21,,,0,30,,5166,21,,,0,70,,5167,21,,,0,30,,5168,21,,,0,70,,5169,21,,,0,30,,5170,21,,,0,70,,5171,21,,,0,30,,5154,23,,,0,65,,5146,25,,,0,30,,5147,25,,,0,50,,5155,23,,,0,35,,5156,23,,,0,75,,5148,25,,,0,40,,5149,25,,,0,55,,5160,23,,,0,40,,5161,21,,,0,70,,5162,21,,,0,40,,5157,23,,,0,70,,5158,23,,,0,30,,5159,23,,,0,99,,5172,21,,,0,70,,5173,21,,,0,95,,5150,25,,,0,83,,5151,25,,,0,20,,5163,21,,,0,100,,5152,25,,,0,85,,5153,25,,,0
101,'Sunday-01',807,,5177,21,,,0,100,,5178,23,,,0,100,,5179,23,,,0,100,,5180,23,,,0,100,,5181,23,,,0,105,,5184,25,,,0,100,,5185,25,,,0,105,,5186,25,,,0,100,,5187,25,,,0,100,,5182,23,,,0,106,,5183,23,,,0
101,'Weekday-01',615,,5236,21,,,0,16,,5191,18,,,0,10,,5219,21,,,0,64,,5208,18,,,0,16,,5192,25,,,0,15,,5193,25,,,0,15,,5194,25,,,0,50,,5220,21,,,0,5,,5195,25,,,0,25,,5190,18,,,0,20,,5222,21,,,0,60,,5223,21,,,0,30,,5235,21,,,0,80,,5224,21,,,0,34,,5225,21,,,0,70,,5226,21,,,0,30,,5227,21,,,0,70,,5228,21,,,0,96,,5196,25,,,0,30,,5197,25,,,0,70,,5198,25,,,0,30,,5199,25,,,0,70,,5200,25,,,0,30,,5201,25,,,0,55,,5209,23,,,0,10,,5210,23,,,0,10,,5229,21,,,0,20,,5211,23,,,0,10,,5230,21,,,0,60,,5212,23,,,0,5,,5231,21,,,0,24,,5213,23,,,0,6,,5232,21,,,0,65,,5214,23,,,0,5,,5233,21,,,0,80,,5215,23,,,0,10,,5234,21,,,0,30,,5221,21,,,0,70,,5217,21,,,0,90,,5202,25,,,0,20,,5203,25,,,0,35,,5204,25,,,0,70,,5205,25,,,0,100,,5206,25,,,0,25,,5207,25,,,0,70,,5218,21,,,0
200,'Saturday-01',644,,5237,28,,,0,70,,5238,28,,,0,30,,5239,28,,,0,70,,5240,28,,,0,30,,5241,28,,,0,70,,5242,28,,,0,30,,5243,28,,,0,70,,5244,28,,,0,30,,5245,28,,,0,70,,5246,28,,,0,30,,5247,28,,,0,70,,5248,28,,,0,30,,5249,28,,,0,70,,5250,28,,,0,30,,5251,28,,,0,70,,5252,28,,,0,30,,5253,28,,,0,70,,5254,28,,,0,30,,5255,28,,,0,70,,5256,28,,,0,30,,5257,28,,,0,70,,5258,28,,,0,30,,5259,28,,,0,70,,5260,28,,,0,30,,5261,28,,,0,70,,5262,28,,,0,30,,5264,28,,,0,70,,5265,28,,,0,30,,5266,28,,,0,70,,5267,28,,,0,100,,5268,28,,,0,100,,5269,28,,,0,100,,5270,28,,,0
200,'Sunday-01',829,,5271,28,,,0,30,,5272,28,,,0,70,,5273,28,,,0,30,,5274,28,,,0,70,,5275,28,,,0,30,,5276,28,,,0,70,,5277,28,,,0,30,,5278,28,,,0,70,,5279,28,,,0,30,,5280,28,,,0,70,,5281,28,,,0,30,,5282,28,,,0,70,,5283,28,,,0,30,,5284,28,,,0,70,,5285,28,,,0,30,,5286,28,,,0,70,,5287,28,,,0,30,,5288,28,,,0,70,,5289,28,,,0
200,'Weekday-01',614,,5291,28,,,0,30,,5290,28,,,0,15,,5331,28,,,0,55,,5294,28,,,0,15,,5295,28,,,0,15,,5296,28,,,0,15,,5297,28,,,0,55,,5292,28,,,0,15,,5293,28,,,0,30,,5298,28,,,0,70,,5299,28,,,0,20,,5322,28,,,0,70,,5303,28,,,0,30,,5304,28,,,0,70,,5305,28,,,0,30,,5306,28,,,0,70,,5307,28,,,0,30,,5308,28,,,0,70,,5309,28,,,0,30,,5300,28,,,0,70,,5301,28,,,0,25,,5302,28,,,0,65,,5310,28,,,0,20,,5311,28,,,0,15,,5312,28,,,0,15,,5313,28,,,0,55,,5314,28,,,0,15,,5315,28,,,0,15,,5316,28,,,0,15,,5317,28,,,0,55,,5318,28,,,0,30,,5323,28,,,0,70,,5324,28,,,0,30,,5325,28,,,0,70,,5326,28,,,0,30,,5327,28,,,0,70,,5319,28,,,0,30,,5320,28,,,0,70,,5321,28,,,0,30,,5332,28,,,0,70,,5328,28,,,0,30,,5333,28,,,0,70,,5329,28,,,0,30,,5334,28,,,0,70,,5330,28,,,0
300,'Saturday-01',644,,5453,38,,,0,70,,5436,38,,,0,30,,5437,38,,,0,70,,5438,38,,,0,30,,5439,38,,,0,70,,5440,38,,,0,30,,5441,38,,,0,70,,5442,38,,,0,30,,5443,38,,,0,70,,5454,38,,,0,30,,5444,38,,,0,70,,5455,38,,,0,30,,5456,38,,,0,70,,5457,38,,,0,30,,5458,38,,,0,70,,5445,38,,,0,30,,5446,38,,,0,70,,5459,38,,,0,30,,5447,38,,,0,70,,5448,38,,,0,30,,5449,38,,,0,70,,5450,38,,,0,30,,5460,38,,,0,70,,5461,38,,,0,30,,5451,38,,,0,70,,5462,38,,,0,30,,5452,38,,,0,70,,5463,38,,,0,30,,5467,38,,,0,70,,5464,38,,,0,100,,5465,38,,,0,100,,5466,38,,,0,100,,5468,38,,,0
300,'Sunday-01',829,,5469,38,,,0,30,,5470,38,,,0,70,,5471,38,,,0,30,,5472,38,,,0,70,,5473,38,,,0,30,,5474,38,,,0,70,,5475,38,,,0,30,,5476,38,,,0,70,,5477,38,,,0,30,,5478,38,,,0,70,,5479,38,,,0,30,,5480,38,,,0,70,,5481,38,,,0,30,,5482,38,,,0,70,,5483,38,,,0,30,,5484,38,,,0,70,,5485,38,,,0,30,,5486,38,,,0,70,,5487,38,,,0,30,,5488,38,,,0,70,,5489,38,,,0
300,'Weekday-01',614,,5490,38,,,0,30,,5491,38,,,0,15,,5492,38,,,0,55,,5493,38,,,0,15,,5494,38,,,0,15,,5495,38,,,0,15,,5496,38,,,0,55,,5497,38,,,0,15,,5498,38,,,0,15,,5499,38,,,0,70,,5500,38,,,0,30,,5501,38,,,0,70,,5502,38,,,0,30,,5503,38,,,0,70,,5504,38,,,0,30,,5505,38,,,0,70,,5506,38,,,0,30,,5507,38,,,0,70,,5508,38,,,0,30,,5509,38,,,0,70,,5510,38,,,0,30,,5511,38,,,0,70,,5512,38,,,0,30,,5513,38,,,0,15,,5514,38,,,0,55,,5515,38,,,0,15,,5516,38,,,0,15,,5517,38,,,0,15,,5518,38,,,0,55,,5519,38,,,0,30,,5520,38,,,0,70,,5521,38,,,0,30,,5522,38,,,0,70,,5523,38,,,0,30,,5524,38,,,0,70,,5525,38,,,0,30,,5530,38,,,0,70,,5529,38,,,0,100,,5526,38,,,0,100,,5527,38,,,0,100,,5528,38,,,0
1200,'Saturday-01',644,,6492,33,,,0,100,,6493,33,,,0,99,,6494,33,,,0,70,,6495,33,,,0,30,,6496,33,,,0,70,,6497,33,,,0,30,,6498,33,,,0,70,,6499,33,,,0,30,,6500,33,,,0,70,,6501,33,,,0,30,,6502,33,,,0,70,,6503,33,,,0,30,,6504,33,,,0,70,,6505,33,,,0,30,,6506,33,,,0,70,,6507,33,,,0,30,,6508,33,,,0,70,,6509,33,,,0,30,,6510,33,,,0,70,,6515,33,,,0,30,,6516,33,,,0,70,,6511,33,,,0,100,,6512,33,,,0,100,,6517,33,,,0,100,,6518,33,,,0,100,,6519,33,,,0,100,,6520,33,,,0,100,,6521,33,,,0
1200,'Sunday-01',828,,6522,33,,,0,100,,6523,33,,,0,100,,6524,33,,,0,100,,6525,33,,,0,100,,6526,33,,,0,100,,6527,33,,,0,100,,6528,33,,,0,100,,6529,33,,,0,100,,6530,33,,,0,100,,6531,33,,,0,100,,6532,33,,,0
1200,'Weekday-01',613,,6560,33,,,0,30,,6561,33,,,0,70,,6562,33,,,0,30,,6563,33,,,0,70,,6549,33,,,0,30,,6550,33,,,0,70,,6541,33,,,0,30,,6542,33,,,0,70,,6540,33,,,0,30,,6539,33,,,0,70,,6538,33,,,0,30,,6537,33,,,0,70,,6536,33,,,0,30,,6535,33,,,0,70,,6534,33,,,0,30,,6533,33,,,0,70,,6558,33,,,0,30,,6557,33,,,0,70,,6556,33,,,0,30,,6555,33,,,0,70,,6551,33,,,0,30,,6552,33,,,0,70,,6553,33,,,0,30,,6554,33,,,0,70,,6559,33,,,0,100,,6543,33,,,0,100,,6544,33,,,0,100,,6545,33,,,0,100,,6546,33,,,0,100,,6547,33,,,0,100,,6548,33,,,0
3000,'Weekday-01',651,,7025,6,,,0,70,,7019,6,,,0,30,,7026,6,,,0,70,,7027,6,,,0,30,,7028,6,,,0,70,,7029,6,,,0,30,,7020,6,,,0,70,,7021,6,,,0,30,,7030,6,,,0,73,,7031,6,,,0,30,,7032,6,,,0,70,,7033,6,,,0,32,,7034,6,,,0,70,,7022,6,,,0,30,,7035,6,,,0,70,,7036,6,,,0,30,,7037,6,,,0,70,,7038,6,,,0,30,,7023,6,,,0,70,,7024,6,,,0,30,,7039,6,,,0
4000,'Saturday-01',620,,7061,27,,,0,30,,7062,27,,,0,70,,7063,27,,,0,30,,7064,27,,,0,70,,7065,27,,,0,30,,7066,27,,,0,70,,7067,27,,,0,30,,7068,27,,,0,70,,7069,27,,,0,30,,7070,27,,,0,70,,7071,27,,,0,30,,7072,27,,,0,70,,7073,27,,,0,30,,7074,27,,,0,70,,7075,27,,,0,30,,7076,27,,,0,70,,7077,27,,,0,30,,7078,27,,,0,70,,7079,27,,,0,30,,7080,27,,,0,70,,7081,27,,,0,30,,7082,27,,,0,70,,7083,27,,,0,30,,7084,27,,,0,70,,7085,27,,,0,30,,7086,27,,,0,70,,7087,27,,,0,30,,7088,27,,,0,70,,7089,27,,,0,30,,7090,27,,,0,70,,7091,27,,,0,30,,7092,27,,,0,70,,7093,27,,,0,30,,7094,27,,,0,70,,7095,27,,,0,100,,7096,27,,,0
4000,'Sunday-01',820,,7097,27,,,0,30,,7098,27,,,0,70,,7099,27,,,0,30,,7100,27,,,0,70,,7101,27,,,0,30,,7102,27,,,0,70,,7103,27,,,0,30,,7104,27,,,0,70,,7105,27,,,0,30,,7106,27,,,0,70,,7107,27,,,0,30,,7108,27,,,0,70,,7109,27,,,0,30,,7110,27,,,0,70,,7111,27,,,0,30,,7112,27,,,0,70,,7113,27,,,0,30,,7114,27,,,0,70,,7115,27,,,0,30,,7116,27,,,0,70,,7117,27,,,0
4000,'Weekday-01',620,,7155,27,,,0,30,,7146,27,,,0,70,,7147,27,,,0,30,,7148,27,,,0,70,,7149,27,,,0,30,,7150,27,,,0,70,,7151,27,,,0,30,,7152,27,,,0,70,,7153,27,,,0,30,,7154,27,,,0,70,,7121,27,,,0,30,,7143,27,,,0,70,,7142,27,,,0,30,,7141,27,,,0,70,,7140,27,,,0,30,,7122,27,,,0,70,,7139,27,,,0,30,,7138,27,,,0,70,,7144,27,,,0,30,,7123,27,,,0,70,,7124,27,,,0,30,,7125,27,,,0,70,,7137,27,,,0,30,,7145,27,,,0,70,,7127,27,,,0,30,,7129,27,,,0,70,,7136,27,,,0,30,,7135,27,,,0,70,,7134,27,,,0,30,,7126,27,,,0,70,,7133,27,,,0,30,,7132,27,,,0,70,,7131,27,,,0,30,,7130,27,,,0,70,,7120,27,,,0,100,,7128,27,,,0
