701,'Saturday-01',641,,5964,69,,,0,100,,5965,69,,,0,70,,5966,69,,,0,30,,5967,69,,,0,70,,5968,69,,,0,30,,5969,69,,,0,70,,5970,69,,,0,30,,5971,69,,,0,70,,5972,69,,,0,30,,5973,69,,,0,70,,5974,69,,,0,30,,5975,69,,,0,70,,5976,69,,,0,30,,5977,69,,,0,70,,5978,69,,,0,30,,5979,69,,,0,70,,5980,69,,,0,30,,5981,69,,,0,70,,5982,69,,,0,30,,5983,69,,,0,70,,5984,69,,,0,30,,5985,69,,,0,70,,5986,69,,,0,30,,5987,69,,,0,70,,5988,69,,,0,101,,5991,69,,,0,43,,5992,69,,,0,69,,5993,69,,,0,100,,5994,69,,,0,100,,5995,69,,,0,100,,5990,69,,,0
701,'Sunday-01',842,,5996,69,,,0,70,,5997,69,,,0,30,,5998,69,,,0,70,,5999,69,,,0,30,,6000,69,,,0,70,,6001,69,,,0,30,,6002,69,,,0,70,,6003,69,,,0,30,,6004,69,,,0,70,,6005,69,,,0,30,,6006,69,,,0,70,,6007,69,,,0,30,,6008,69,,,0,70,,6009,69,,,0,30,,6010,69,,,0,70,,6011,69,,,0,30,,6012,69,,,0,70,,6013,69,,,0,30,,6014,69,,,0,70,,6015,69,,,0,30,,6016,69,,,0
701,'Weekday-01',612,,6017,69,,,0,30,,6018,69,,,0,70,,6019,69,,,0,20,,6020,69,,,0,10,,6021,69,,,0,15,,6022,69,,,0,55,,6023,69,,,0,15,,6024,69,,,0,15,,6025,69,,,0,70,,6026,69,,,0,30,,6027,69,,,0,70,,6028,69,,,0,30,,6029,69,,,0,70,,6030,69,,,0,30,,6031,69,,,0,70,,6032,69,,,0,30,,6033,69,,,0,70,,6034,69,,,0,30,,6035,69,,,0,68,,6036,69,,,0,30,,6037,69,,,0,70,,6038,69,,,0,30,,6039,69,,,0,70,,6040,69,,,0,27,,6041,69,,,0,70,,6042,69,,,0,35,,6043,69,,,0,70,,6044,69,,,0,29,,6045,69,,,0,70,,6046,69,,,0,101,,6047,69,,,0,43,,6048,69,,,0,68,,6049,69,,,0,100,,6050,69,,,0,100,,6051,69,,,0,100,,6052,69,,,0
800,'Saturday-01',708,,6054,93,,,0,100,,6055,93,,,0,100,,6056,93,,,0,30,,6059,93,,,0,70,,6060,93,,,0,30,,6061,93,,,0,70,,6062,93,,,0,30,,6063,93,,,0,70,,6064,93,,,0,30,,6065,93,,,0,70,,6066,93,,,0,30,,6067,93,,,0,70,,6068,93,,,0,30,,6069,93,,,0,70,,6058,93,,,0,30,,6057,93,,,0,70,,6076,93,,,0,30,,6075,93,,,0,70,,6074,93,,,0,30,,6073,93,,,0,70,,6072,93,,,0,30,,6070,93,,,0,100,,6071,93,,,0,100,,6077,93,,,0,100,,6078,93,,,0
800,'Sunday-01',853,,6079,93,,,0,100,,6080,93,,,0,100,,6081,93,,,0,100,,6082,93,,,0,100,,6083,93,,,0,100,,6084,93,,,0,100,,6085,93,,,0,100,,6086,93,,,0,100,,6087,93,,,0,100,,6088,93,,,0,97,,6089,93,,,0
800,'Weekday-01',610,,6114,93,,,0,35,,6115,93,,,0,75,,6113,93,,,0,35,,6112,93,,,0,75,,6090,93,,,0,75,,6091,93,,,0,35,,6092,93,,,0,75,,6093,93,,,0,35,,6094,93,,,0,75,,6095,93,,,0,75,,6096,93,,,0,35,,6097,93,,,0,75,,6098,93,,,0,35,,6099,93,,,0,75,,6100,93,,,0,35,,6101,93,,,0,75,,6102,93,,,0,75,,6103,93,,,0,35,,6104,93,,,0,75,,6105,93,,,0,35,,6106,93,,,0,75,,6107,93,,,0,75,,6108,93,,,0,110,,6109,93,,,0,110,,6110,93,,,0,110,,6111,93,,,0
901,'Saturday-01',700,,6264,59,,,0,30,,6265,59,,,0,70,,6266,59,,,0,30,,6267,59,,,0,70,,6268,59,,,0,30,,6269,59,,,0,70,,6270,59,,,0,30,,6271,59,,,0,70,,6272,59,,,0,30,,6273,59,,,0,70,,6274,59,,,0,30,,6275,59,,,0,70,,6276,59,,,0,30,,6277,59,,,0,70,,6278,59,,,0,30,,6279,59,,,0,70,,6280,59,,,0,30,,6281,59,,,0,70,,6282,59,,,0,30,,6283,59,,,0,70,,6284,59,,,0,30,,6285,59,,,0,70,,6286,59,,,0,30,,6287,59,,,0,82,,6288,59,,,0,45,,6289,59,,,0,87,,6290,59,,,0,70,,6291,59,,,0,43,,6292,59,,,0,100,,6293,59,,,0,100,,6294,59,,,0
901,'Sunday-01',830,,6313,59,,,0,70,,6303,59,,,0,30,,6314,59,,,0,70,,6304,59,,,0,30,,6315,59,,,0,70,,6305,59,,,0,30,,6295,59,,,0,70,,6306,59,,,0,30,,6296,59,,,0,70,,6307,59,,,0,30,,6297,59,,,0,70,,6308,59,,,0,30,,6298,59,,,0,70,,6309,59,,,0,30,,6299,59,,,0,70,,6310,59,,,0,30,,6300,59,,,0,70,,6311,59,,,0,30,,6301,59,,,0,70,,6312,59,,,0,30,,6302,59,,,0
901,'Weekday-01',625,,6316,59,,,0,30,,6317,59,,,0,70,,6318,59,,,0,30,,6319,59,,,0,70,,6320,59,,,0,75,,6321,59,,,0,30,,6322,59,,,0,70,,6323,59,,,0,30,,6324,59,,,0,70,,6325,59,,,0,30,,6326,59,,,0,70,,6327,59,,,0,30,,6328,59,,,0,70,,6329,59,,,0,30,,6330,59,,,0,70,,6331,59,,,0,30,,6332,59,,,0,70,,6333,59,,,0,30,,6334,59,,,0,15,,6335,59,,,0,55,,6336,59,,,0,15,,6337,59,,,0,15,,6338,59,,,0,15,,6339,59,,,0,55,,6340,59,,,0,15,,6341,59,,,0,17,,6342,59,,,0,70,,6343,59,,,0,28,,6344,59,,,0,82,,6345,59,,,0,44,,6346,59,,,0,85,,6347,59,,,0,70,,6348,59,,,0,45,,6349,59,,,0,100,,6350,59,,,0,100,,6351,59,,,0
1801,'Saturday-01',550,,6805,1,,,0,70,,6806,1,,,0,30,,6780,14,,,0,70,,6781,14,,,0,30,,6782,14,,,0,70,,6783,14,,,0,30,,6784,14,,,0,70,,6785,14,,,0,30,,6786,14,,,0,70,,6787,14,,,0,30,,6788,14,,,0,70,,6789,14,,,0,30,,6790,14,,,0,70,,6791,14,,,0,30,,6792,14,,,0,70,,6793,14,,,0,30,,6794,14,,,0,70,,6795,14,,,0,30,,6796,14,,,0,70,,6797,14,,,0,30,,6798,14,,,0,70,,6799,14,,,0,30,,6800,14,,,0,70,,6801,14,,,0,30,,6802,14,,,0,70,,6803,14,,,0,30,,6804,14,,,0
1801,'Sunday-01',750,,6807,1,0,13,0,100,,6809,14,,,0,100,,6810,14,,,0,100,,6811,14,,,0,100,,6812,14,,,0,100,,6813,14,,,0,100,,6814,14,,,0,100,,6815,14,,,0,100,,6816,14,,,0,100,,6817,14,,,0,100,,6808,14,,,0,100,,6818,14,,,0
1801,'Weekday-01',550,,6819,1,,,0,70,,6820,1,,,0,30,,6821,14,,,0,70,,6822,14,,,0,30,,6823,14,,,0,55,,6850,14,,,0,15,,6824,14,,,0,15,,6851,14,,,0,15,,6825,14,,,0,55,,6852,14,,,0,15,,6826,14,,,0,15,,6853,14,,,0,15,,6827,14,,,0,55,,6854,14,,,0,15,,6828,14,,,0,15,,6855,14,,,0,15,,6829,14,,,0,70,,6830,14,,,0,30,,6831,14,,,0,70,,6832,14,,,0,30,,6833,14,,,0,70,,6834,14,,,0,30,,6835,14,,,0,70,,6836,14,,,0,30,,6837,14,,,0,55,,6856,14,,,0,15,,6838,14,,,0,15,,6857,14,,,0,15,,6839,14,,,0,55,,6858,14,,,0,15,,6840,14,,,0,15,,6859,14,,,0,15,,6841,14,,,0,55,,6860,14,,,0,15,,6842,14,,,0,15,,6861,14,,,0,15,,6843,14,,,0,70,,6844,14,,,0,30,,6845,14,,,0,70,,6846,14,,,0,100,,6847,14,,,0,100,,6848,14,,,0,93,,6849,14,,,0
4000,'Saturday-01',630,,7061,36,,,0,70,,7062,36,,,0,30,,7063,36,,,0,70,,7064,36,,,0,30,,7065,36,,,0,70,,7066,36,,,0,30,,7067,36,,,0,70,,7068,36,,,0,30,,7069,36,,,0,70,,7070,36,,,0,30,,7071,36,,,0,70,,7072,36,,,0,30,,7073,36,,,0,70,,7074,36,,,0,30,,7075,36,,,0,70,,7076,36,,,0,30,,7077,36,,,0,70,,7078,36,,,0,30,,7079,36,,,0,70,,7080,36,,,0,30,,7081,36,,,0,70,,7082,36,,,0,30,,7083,36,,,0,70,,7084,36,,,0,30,,7085,36,,,0,70,,7086,36,,,0,30,,7087,36,,,0,70,,7088,36,,,0,30,,7089,36,,,0,70,,7090,36,,,0,30,,7091,36,,,0,70,,7092,36,,,0,30,,7093,36,,,0,70,,7094,36,,,0,30,,7095,36,,,0,100,,7096,36,,,0
4000,'Sunday-01',830,,7097,36,,,0,70,,7098,36,,,0,30,,7099,36,,,0,70,,7100,36,,,0,30,,7101,36,,,0,70,,7102,36,,,0,30,,7103,36,,,0,70,,7104,36,,,0,30,,7105,36,,,0,70,,7106,36,,,0,30,,7107,36,,,0,70,,7108,36,,,0,30,,7109,36,,,0,70,,7110,36,,,0,30,,7111,36,,,0,70,,7112,36,,,0,30,,7113,36,,,0,70,,7114,36,,,0,30,,7115,36,,,0,70,,7116,36,,,0,30,,7117,36,,,0
4000,'Weekday-01',630,,7155,36,,,0,70,,7146,36,,,0,30,,7147,36,,,0,70,,7148,36,,,0,30,,7149,36,,,0,70,,7150,36,,,0,30,,7151,36,,,0,70,,7152,36,,,0,30,,7153,36,,,0,70,,7154,36,,,0,30,,7121,36,,,0,70,,7143,36,,,0,30,,7142,36,,,0,70,,7141,36,,,0,30,,7140,36,,,0,70,,7122,36,,,0,30,,7139,36,,,0,70,,7138,36,,,0,30,,7144,36,,,0,70,,7123,36,,,0,30,,7124,36,,,0,70,,7125,36,,,0,30,,7137,36,,,0,70,,7145,36,,,0,30,,7127,36,,,0,70,,7129,36,,,0,30,,7136,36,,,0,70,,7135,36,,,0,30,,7134,36,,,0,70,,7126,36,,,0,30,,7133,36,,,0,70,,7132,36,,,0,30,,7131,36,,,0,70,,7130,36,,,0,30,,7120,36,,,0,100,,7128,36,,,0
