200,'Saturday-01',637,,5263,25,4,,0,82,,5237,73,4,,0,30,,5238,73,4,,0,70,,5239,73,4,,0,30,,5240,73,4,,0,70,,5241,73,4,,0,30,,5242,73,4,,0,70,,5243,73,4,,0,30,,5244,73,4,,0,70,,5245,73,4,,0,30,,5246,73,4,,0,70,,5247,73,4,,0,30,,5248,73,4,,0,70,,5249,73,4,,0,30,,5250,73,4,,0,70,,5251,73,4,,0,30,,5252,73,4,,0,70,,5253,73,4,,0,30,,5254,73,4,,0,70,,5255,73,4,,0,30,,5256,73,4,,0,70,,5257,73,4,,0,30,,5258,73,4,,0,70,,5259,73,4,,0,30,,5260,73,4,,0,70,,5261,73,4,,0,30,,5262,73,4,,0,70,,5264,73,4,,0,22,,5265,73,4,,0,78,,5266,73,4,,0,22,,5267,73,4,,0,95,,5268,73,4,,0,100,,5269,73,4,,0,100,,5270,73,4,,0
200,'Sunday-01',910,,5271,73,4,,0,30,,5272,73,4,,0,70,,5273,73,4,,0,30,,5274,73,4,,0,70,,5275,73,4,,0,30,,5276,73,4,,0,70,,5277,73,4,,0,30,,5278,73,4,,0,70,,5279,73,4,,0,30,,5280,73,4,,0,70,,5281,73,4,,0,30,,5282,73,4,,0,70,,5283,73,4,,0,30,,5284,73,4,,0,70,,5285,73,4,,0,30,,5286,73,4,,0,70,,5287,73,4,,0,30,,5288,73,4,,0,70,,5289,73,4,,0
200,'Weekday-01',647,,5291,73,4,,0,70,,5290,73,4,,0,15,,5331,73,4,,0,15,,5294,73,4,,0,55,,5295,73,4,,0,15,,5296,73,4,,0,15,,5297,73,4,,0,15,,5292,73,4,,0,55,,5293,73,4,,0,30,,5298,73,4,,0,70,,5299,73,4,,0,20,,5322,73,4,,0,30,,5303,73,4,,0,70,,5304,73,4,,0,30,,5305,73,4,,0,70,,5306,73,4,,0,30,,5307,73,4,,0,70,,5308,73,4,,0,30,,5309,73,4,,0,70,,5300,73,4,,0,25,,5301,73,4,,0,65,,5302,73,4,,0,35,,5310,73,4,,0,55,,5311,73,4,,0,15,,5312,73,4,,0,15,,5313,73,4,,0,15,,5314,73,4,,0,55,,5315,73,4,,0,15,,5316,73,4,,0,15,,5317,73,4,,0,15,,5318,73,4,,0,70,,5323,73,4,,0,30,,5324,73,4,,0,70,,5325,73,4,,0,30,,5326,73,4,,0,70,,5327,73,4,,0,30,,5319,73,4,,0,70,,5320,73,4,,0,30,,5321,73,4,,0,70,,5332,73,4,,0,30,,5328,73,4,,0,70,,5333,73,4,,0,30,,5329,73,4,,0,70,,5334,73,4,,0,30,,5330,73,4,,0
201,'Saturday-01',607,,5335,1,,,0,30,,5336,1,,,0,70,,5337,1,,,0,30,,5338,1,,,0,70,,5339,1,,,0,30,,5340,1,,,0,70,,5341,1,,,0,30,,5342,1,,,0,70,,5343,1,,,0,30,,5344,1,,,0,70,,5345,1,,,0,30,,5346,1,,,0,70,,5347,1,,,0,30,,5348,1,,,0,70,,5349,1,,,0,30,,5350,1,,,0,70,,5351,1,,,0,30,,5352,1,,,0,70,,5353,1,,,0,30,,5354,1,,,0,70,,5355,1,,,0,30,,5356,1,,,0,70,,5357,1,,,0,30,,5358,1,,,0,70,,5359,1,,,0,30,,5360,1,,,0,70,,5361,1,,,0,30,,5362,1,,,0,70,,5363,1,,,0,30,,5364,1,,,0,104,,5365,1,,,0,100,,5366,1,,,0,100,,5367,1,,,0
201,'Sunday-01',752,,5368,1,,,0,70,,5369,1,,,0,30,,5370,1,,,0,70,,5371,1,,,0,30,,5372,1,,,0,70,,5373,1,,,0,30,,5374,1,,,0,70,,5375,1,,,0,30,,5376,1,,,0,70,,5377,1,,,0,30,,5378,1,,,0,70,,5379,1,,,0,30,,5380,1,,,0,70,,5381,1,,,0,30,,5382,1,,,0,70,,5383,1,,,0,30,,5384,1,,,0,70,,5385,1,,,0,30,,5386,1,,,0,70,,5387,1,,,0
201,'Weekday-01',537,,5390,1,,,0,70,,5391,1,,,0,15,,5392,1,,,0,15,,5393,1,,,0,15,,5394,1,,,0,55,,5395,1,,,0,15,,5396,1,,,0,15,,5429,1,,,0,15,,5397,1,,,0,55,,5398,1,,,0,15,,5430,1,,,0,15,,5428,1,,,0,70,,5399,1,,,0,30,,5400,1,,,0,70,,5401,1,,,0,30,,5402,1,,,0,70,,5403,1,,,0,30,,5404,1,,,0,70,,5405,1,,,0,30,,5406,1,,,0,65,,5407,1,,,0,30,,5408,1,,,0,75,,5409,1,,,0,30,,5410,1,,,0,15,,5411,1,,,0,55,,5412,1,,,0,10,,5413,1,,,0,20,,5414,1,,,0,15,,5415,1,,,0,55,,5416,1,,,0,15,,5417,1,,,0,15,,5418,1,,,0,70,,5419,1,,,0,30,,5420,1,,,0,70,,5421,1,,,0,30,,5422,1,,,0,70,,5423,1,,,0,30,,5424,1,,,0,70,,5425,1,,,0,30,,5426,1,,,0,70,,5427,1,,,0,30,,5431,1,,,0,70,,5432,1,,,0,30,,5433,1,,,0,70,,5434,1,,,0,30,,5435,1,,,0
700,'Saturday-01',709,,5877,81,4,,0,100,,5878,81,4,,0,30,,5879,81,4,,0,70,,5880,81,4,,0,30,,5881,81,4,,0,70,,5882,81,4,,0,30,,5883,81,4,,0,70,,5884,81,4,,0,30,,5885,81,4,,0,70,,5886,81,4,,0,30,,5887,81,4,,0,70,,5888,81,4,,0,30,,5889,81,4,,0,70,,5890,81,4,,0,30,,5891,81,4,,0,70,,5892,81,4,,0,30,,5893,81,4,,0,70,,5894,81,4,,0,30,,5895,81,4,,0,70,,5896,81,4,,0,30,,5897,81,4,,0,70,,5898,81,4,,0,32,,5899,81,4,,0,80,,5900,81,4,,0,85,,5901,81,4,,0,30,,5902,81,4,,0,95,,5903,81,4,,0,100,,5904,81,4,,0,100,,5905,81,4,,0,100,,5906,81,4,,0
700,'Sunday-01',910,,5917,81,4,,0,30,,5918,81,4,,0,70,,5919,81,4,,0,30,,5920,81,4,,0,70,,5921,81,4,,0,30,,5922,81,4,,0,70,,5923,81,4,,0,30,,5924,81,4,,0,70,,5925,81,4,,0,30,,5926,81,4,,0,70,,5916,81,4,,0,30,,5912,81,4,,0,70,,5907,81,4,,0,30,,5908,81,4,,0,70,,5909,81,4,,0,30,,5910,81,4,,0,70,,5911,81,4,,0,30,,5913,81,4,,0,70,,5914,81,4,,0,30,,5915,81,4,,0
700,'Weekday-01',639,,5927,81,4,,0,70,,5928,81,4,,0,15,,5929,81,4,,0,15,,5930,81,4,,0,15,,5931,81,4,,0,55,,5932,81,4,,0,23,,5933,81,4,,0,7,,5934,81,4,,0,15,,5935,81,4,,0,55,,5936,81,4,,0,15,,5937,81,4,,0,15,,5938,81,4,,0,70,,5939,81,4,,0,30,,5940,81,4,,0,70,,5941,81,4,,0,30,,5942,81,4,,0,70,,5943,81,4,,0,30,,5944,81,4,,0,70,,5945,81,4,,0,30,,5946,81,4,,0,70,,5947,81,4,,0,30,,5948,81,4,,0,70,,5949,81,4,,0,25,,5950,81,4,,0,70,,5951,81,4,,0,30,,5952,81,4,,0,70,,5953,81,4,,0,30,,5954,81,4,,0,70,,5955,81,4,,0,37,,5956,81,4,,0,85,,5957,81,4,,0,85,,5958,81,4,,0,25,,5959,81,4,,0,100,,5960,81,4,,0,100,,5961,81,4,,0,100,,5962,81,4,,0,100,,5963,81,4,,0
701,'Saturday-01',544,,5964,1,,,0,100,,5965,1,,,0,70,,5966,1,,,0,30,,5967,1,,,0,70,,5968,1,,,0,30,,5969,1,,,0,70,,5970,1,,,0,30,,5971,1,,,0,70,,5972,1,,,0,30,,5973,1,,,0,70,,5974,1,,,0,30,,5975,1,,,0,70,,5976,1,,,0,30,,5977,1,,,0,70,,5978,1,,,0,30,,5979,1,,,0,70,,5980,1,,,0,30,,5981,1,,,0,70,,5982,1,,,0,30,,5983,1,,,0,70,,5984,1,,,0,30,,5985,1,,,0,70,,5986,1,,,0,30,,5987,1,,,0,70,,5988,1,,,0,27,,5989,1,,,0,85,,5991,1,,,0,85,,5992,1,,,0,30,,5993,1,,,0,95,,5994,1,,,0,100,,5995,1,,,0,100,,5990,1,,,0
701,'Sunday-01',745,,5996,1,,,0,70,,5997,1,,,0,30,,5998,1,,,0,70,,5999,1,,,0,30,,6000,1,,,0,70,,6001,1,,,0,30,,6002,1,,,0,70,,6003,1,,,0,30,,6004,1,,,0,70,,6005,1,,,0,30,,6006,1,,,0,70,,6007,1,,,0,30,,6008,1,,,0,70,,6009,1,,,0,30,,6010,1,,,0,70,,6011,1,,,0,30,,6012,1,,,0,70,,6013,1,,,0,30,,6014,1,,,0,70,,6015,1,,,0,30,,6016,1,,,0
701,'Weekday-01',514,,6017,1,,,0,30,,6018,1,,,0,70,,6019,1,,,0,20,,6020,1,,,0,10,,6021,1,,,0,15,,6022,1,,,0,55,,6023,1,,,0,15,,6024,1,,,0,15,,6025,1,,,0,70,,6026,1,,,0,30,,6027,1,,,0,70,,6028,1,,,0,30,,6029,1,,,0,70,,6030,1,,,0,30,,6031,1,,,0,70,,6032,1,,,0,30,,6033,1,,,0,70,,6034,1,,,0,30,,6035,1,,,0,70,,6036,1,,,0,30,,6037,1,,,0,70,,6038,1,,,0,30,,6039,1,,,0,70,,6040,1,,,0,25,,6041,1,,,0,70,,6042,1,,,0,35,,6043,1,,,0,70,,6044,1,,,0,30,,6045,1,,,0,70,,6046,1,,,0,27,,6053,1,,,0,85,,6047,1,,,0,85,,6048,1,,,0,30,,6049,1,,,0,95,,6050,1,,,0,100,,6051,1,,,0,100,,6052,1,,,0
900,'Saturday-01',707,,6175,97,4,,0,30,,6176,97,4,,0,70,,6177,97,4,,0,30,,6178,97,4,,0,70,,6179,97,4,,0,30,,6180,97,4,,0,70,,6181,97,4,,0,30,,6182,97,4,,0,70,,6183,97,4,,0,30,,6184,97,4,,0,70,,6185,97,4,,0,30,,6186,97,4,,0,70,,6187,97,4,,0,30,,6188,97,4,,0,70,,6189,97,4,,0,30,,6190,97,4,,0,70,,6191,97,4,,0,30,,6192,97,4,,0,70,,6193,97,4,,0,30,,6194,97,4,,0,70,,6195,97,4,,0,30,,6196,97,4,,0,82,,6197,97,4,,0,30,,6198,97,4,,0,65,,6199,97,4,,0,45,,6200,97,4,,0,70,,6202,97,4,,0,85,,6203,97,4,,0,100,,6204,97,4,,0,100,,6205,97,4,,0,100,,6201,97,4,,0
900,'Sunday-01',837,,6225,97,4,,0,70,,6227,97,4,,0,30,,6215,97,4,,0,70,,6214,97,4,,0,30,,6216,97,4,,0,70,,6209,97,4,,0,30,,6217,97,4,,0,70,,6210,97,4,,0,30,,6218,97,4,,0,70,,6211,97,4,,0,30,,6219,97,4,,0,70,,6212,97,4,,0,30,,6220,97,4,,0,70,,6213,97,4,,0,30,,6221,97,4,,0,70,,6206,97,4,,0,30,,6222,97,4,,0,70,,6207,97,4,,0,30,,6223,97,4,,0,70,,6208,97,4,,0,30,,6224,97,4,,0,70,,6226,97,4,,0
900,'Weekday-01',632,,6228,97,4,,0,70,,6229,97,4,,0,30,,6230,97,4,,0,70,,6231,97,4,,0,35,,6232,97,4,,0,70,,6233,97,4,,0,30,,6234,97,4,,0,70,,6235,97,4,,0,30,,6236,97,4,,0,70,,6237,97,4,,0,30,,6238,97,4,,0,70,,6239,97,4,,0,30,,6240,97,4,,0,70,,6241,97,4,,0,30,,6242,97,4,,0,70,,6243,97,4,,0,30,,6244,97,4,,0,70,,6245,97,4,,0,30,,6246,97,4,,0,15,,6247,97,4,,0,55,,6248,97,4,,0,15,,6249,97,4,,0,15,,6250,97,4,,0,70,,6251,97,4,,0,15,,6252,97,4,,0,15,,6253,97,4,,0,15,,6254,97,4,,0,67,,6255,97,4,,0,30,,6256,97,4,,0,65,,6257,97,4,,0,45,,6258,97,4,,0,67,,6259,97,4,,0,85,,6260,97,4,,0,100,,6261,97,4,,0,100,,6262,97,4,,0,100,,6263,97,4,,0
901,'Saturday-01',612,,6264,1,,,0,30,,6265,1,,,0,70,,6266,1,,,0,30,,6267,1,,,0,70,,6268,1,,,0,30,,6269,1,,,0,70,,6270,1,,,0,30,,6271,1,,,0,70,,6272,1,,,0,30,,6273,1,,,0,70,,6274,1,,,0,30,,6275,1,,,0,70,,6276,1,,,0,30,,6277,1,,,0,70,,6278,1,,,0,30,,6279,1,,,0,70,,6280,1,,,0,30,,6281,1,,,0,70,,6282,1,,,0,30,,6283,1,,,0,70,,6284,1,,,0,30,,6285,1,,,0,70,,6286,1,,,0,30,,6287,1,,,0,92,,6288,1,,,0,85,,6289,1,,,0,85,,6290,1,,,0,30,,6291,1,,,0,85,,6292,1,,,0,100,,6293,1,,,0,100,,6294,1,,,0
901,'Sunday-01',742,,6313,1,,,0,70,,6303,1,,,0,30,,6314,1,,,0,70,,6304,1,,,0,30,,6315,1,,,0,70,,6305,1,,,0,30,,6295,1,,,0,70,,6306,1,,,0,30,,6296,1,,,0,70,,6307,1,,,0,30,,6297,1,,,0,70,,6308,1,,,0,30,,6298,1,,,0,70,,6309,1,,,0,30,,6299,1,,,0,70,,6310,1,,,0,30,,6300,1,,,0,70,,6311,1,,,0,30,,6301,1,,,0,70,,6312,1,,,0,30,,6302,1,,,0
901,'Weekday-01',537,,6316,1,,,0,70,,6317,1,,,0,30,,6318,1,,,0,70,,6319,1,,,0,30,,6320,1,,,0,70,,6321,1,,,0,35,,6322,1,,,0,70,,6323,1,,,0,30,,6324,1,,,0,70,,6325,1,,,0,30,,6326,1,,,0,70,,6327,1,,,0,30,,6328,1,,,0,70,,6329,1,,,0,30,,6330,1,,,0,70,,6331,1,,,0,30,,6332,1,,,0,70,,6333,1,,,0,30,,6334,1,,,0,15,,6335,1,,,0,55,,6336,1,,,0,15,,6337,1,,,0,15,,6338,1,,,0,15,,6339,1,,,0,55,,6340,1,,,0,15,,6341,1,,,0,15,,6342,1,,,0,70,,6343,1,,,0,30,,6344,1,,,0,87,,6345,1,,,0,90,,6346,1,,,0,85,,6347,1,,,0,27,,6348,1,,,0,85,,6349,1,,,0,100,,6350,1,,,0,100,,6351,1,,,0
1200,'Saturday-01',828,,6513,11,4,,0,30,,6514,11,4,,0,65,,6494,85,4,,0,30,,6495,85,4,,0,70,,6496,85,4,,0,30,,6497,85,4,,0,70,,6498,85,4,,0,30,,6499,85,4,,0,70,,6500,85,4,,0,30,,6501,85,4,,0,70,,6502,85,4,,0,30,,6503,85,4,,0,70,,6504,85,4,,0,30,,6505,85,4,,0,70,,6506,85,4,,0,30,,6507,85,4,,0,70,,6508,85,4,,0,30,,6509,85,4,,0,70,,6510,85,4,,0,30,,6515,85,4,,0,70,,6516,85,4,,0
1200,'Weekday-01',649,,6560,81,4,,0,70,,6561,81,4,,0,30,,6562,81,4,,0,70,,6563,81,4,,0,34,,6549,85,4,,0,70,,6550,85,4,,0,30,,6541,85,4,,0,70,,6542,85,4,,0,30,,6540,85,4,,0,70,,6539,85,4,,0,30,,6538,85,4,,0,70,,6537,85,4,,0,30,,6536,85,4,,0,70,,6535,85,4,,0,30,,6534,85,4,,0,70,,6533,85,4,,0,30,,6558,85,4,,0,70,,6557,85,4,,0,30,,6556,85,4,,0,70,,6555,85,4,,0,30,,6551,85,4,,0,70,,6552,85,4,,0,30,,6553,85,4,,0,70,,6554,85,4,,0
1201,'Saturday-01',828,,6570,1,,,0,30,,6571,1,,,0,70,,6572,1,,,0,30,,6573,1,,,0,70,,6574,1,,,0,30,,6575,1,,,0,70,,6576,1,,,0,30,,6577,1,,,0,70,,6578,1,,,0,30,,6579,1,,,0,70,,6580,1,,,0,30,,6581,1,,,0,70,,6582,1,,,0,30,,6583,1,,,0,70,,6584,1,,,0,30,,6585,1,,,0,70,,6586,1,,,0,30,,6569,1,,,0,70,,6568,1,,,0
1201,'Weekday-01',554,,6628,1,,,0,70,,6629,1,,,0,30,,6630,1,,,0,70,,6631,1,,,0,30,,6632,1,,,0,70,,6609,1,,,0,34,,6620,1,,,0,70,,6621,1,,,0,30,,6622,1,,,0,70,,6623,1,,,0,30,,6624,1,,,0,70,,6625,1,,,0,30,,6626,1,,,0,70,,6627,1,,,0,30,,6610,1,,,0,70,,6611,1,,,0,30,,6612,1,,,0,70,,6613,1,,,0,30,,6619,1,,,0,70,,6614,1,,,0,30,,6615,1,,,0,70,,6616,1,,,0,30,,6617,1,,,0,70,,6618,1,,,0,30,,6634,1,,,0
5000,'Saturday-01',654,,7251,21,,,0,100,,7252,21,,,0,100,,7253,21,,,0,70,,7254,21,,,0,30,,7255,21,,,0,70,,7256,21,,,0,30,,7257,21,,,0,70,,7258,21,,,0,30,,7259,21,,,0,70,,7260,21,,,0,30,,7261,21,,,0,70,,7262,21,,,0,30,,7263,21,,,0,70,,7264,21,,,0,30,,7265,21,,,0,70,,7266,21,,,0,30,,7267,21,,,0,70,,7268,21,,,0,30,,7269,21,,,0,70,,7270,21,,,0,30,,7271,21,,,0,70,,7272,21,,,0,30,,7273,21,,,0,70,,7274,21,,,0,30,,7275,21,,,0,70,,7276,21,,,0,33,,7277,21,,,0,70,,7278,21,,,0,77,,7279,21,,,0,100,,7280,21,,,0,100,,7281,21,,,0
5000,'Sunday-01',849,,7282,21,,,0,100,,7283,21,,,0,100,,7284,21,,,0,70,,7285,21,,,0,30,,7286,21,,,0,70,,7287,21,,,0,30,,7288,21,,,0,70,,7289,21,,,0,30,,7290,21,,,0,70,,7291,21,,,0,30,,7292,21,,,0,70,,7293,21,,,0,30,,7294,21,,,0,70,,7295,21,,,0,30,,7296,21,,,0,70,,7297,21,,,0
5000,'Weekday-01',625,,7298,21,,,0,30,,7299,21,,,0,70,,7300,21,,,0,30,,7301,21,,,0,70,,7302,21,,,0,30,,7303,21,,,0,70,,7304,21,,,0,30,,7305,21,,,0,70,,7306,21,,,0,30,,7307,21,,,0,70,,7308,21,,,0,30,,7309,21,,,0,70,,7310,21,,,0,30,,7311,21,,,0,70,,7312,21,,,0,30,,7313,21,,,0,70,,7314,21,,,0,30,,7315,21,,,0,70,,7316,21,,,0,30,,7317,21,,,0,70,,7318,21,,,0,30,,7319,21,,,0,70,,7320,21,,,0,30,,7321,21,,,0,70,,7322,21,,,0,30,,7323,21,,,0,70,,7324,21,,,0,30,,7325,21,,,0,70,,7326,21,,,0,32,,7327,21,,,0,70,,7328,21,,,0,78,,7329,21,,,0,100,,7330,21,,,0,100,,7331,21,,,0
5001,'Saturday-01',612,,7335,4,,,0,100,,7336,4,,,0,100,,7337,4,,,0,100,,7338,4,,,0,30,,7339,4,,,0,70,,7340,4,,,0,30,,7341,4,,,0,70,,7342,4,,,0,30,,7343,4,,,0,70,,7344,4,,,0,30,,7345,4,,,0,70,,7346,4,,,0,30,,7347,4,,,0,70,,7348,4,,,0,30,,7349,4,,,0,70,,7350,4,,,0,30,,7351,4,,,0,70,,7352,4,,,0,30,,7353,4,,,0,70,,7354,4,,,0,30,,7355,4,,,0,70,,7356,4,,,0,30,,7357,4,,,0,70,,7358,4,,,0,30,,7359,4,,,0,70,,7360,4,,,0,30,,7361,4,,,0,79,,7332,4,,,0,101,,7333,4,,,0,100,,7334,4,,,0
5001,'Sunday-01',907,,7362,4,,,0,100,,7363,4,,,0,100,,7364,4,,,0,30,,7365,4,,,0,70,,7366,4,,,0,30,,7367,4,,,0,70,,7368,4,,,0,30,,7369,4,,,0,70,,7370,4,,,0,30,,7371,4,,,0,70,,7372,4,,,0,30,,7373,4,,,0,70,,7374,4,,,0,30,,7375,4,,,0,70,,7376,4,,,0,30,,7377,4,,,0
5001,'Weekday-01',612,,7381,4,,,0,30,,7382,4,,,0,70,,7383,4,,,0,30,,7384,4,,,0,70,,7385,4,,,0,30,,7386,4,,,0,70,,7387,4,,,0,30,,7388,4,,,0,70,,7389,4,,,0,30,,7390,4,,,0,70,,7391,4,,,0,30,,7392,4,,,0,70,,7393,4,,,0,30,,7394,4,,,0,70,,7395,4,,,0,30,,7396,4,,,0,70,,7397,4,,,0,30,,7398,4,,,0,70,,7399,4,,,0,30,,7400,4,,,0,70,,7401,4,,,0,30,,7402,4,,,0,70,,7403,4,,,0,30,,7404,4,,,0,70,,7405,4,,,0,30,,7406,4,,,0,70,,7407,4,,,0,30,,7408,4,,,0,70,,7409,4,,,0,30,,7410,4,,,0,79,,7378,4,,,0,101,,7379,4,,,0,100,,7380,4,,,0
