701,'Saturday-01',630,,5964,54,,,0,100,,5965,54,,,0,70,,5966,54,,,0,30,,5967,54,,,0,70,,5968,54,,,0,30,,5969,54,,,0,70,,5970,54,,,0,30,,5971,54,,,0,70,,5972,54,,,0,30,,5973,54,,,0,70,,5974,54,,,0,30,,5975,54,,,0,70,,5976,54,,,0,30,,5977,54,,,0,70,,5978,54,,,0,30,,5979,54,,,0,70,,5980,54,,,0,30,,5981,54,,,0,70,,5982,54,,,0,30,,5983,54,,,0,70,,5984,54,,,0,30,,5985,54,,,0,70,,5986,54,,,0,30,,5987,54,,,0,70,,5988,54,,,0,100,,5991,54,,,0,45,,5992,54,,,0,70,,5993,54,,,0,100,,5994,54,,,0,100,,5995,54,,,0,100,,5990,54,,,0
701,'Sunday-01',830,,5996,54,,,0,70,,5997,54,,,0,30,,5998,54,,,0,70,,5999,54,,,0,30,,6000,54,,,0,70,,6001,54,,,0,30,,6002,54,,,0,70,,6003,54,,,0,30,,6004,54,,,0,70,,6005,54,,,0,30,,6006,54,,,0,70,,6007,54,,,0,30,,6008,54,,,0,70,,6009,54,,,0,30,,6010,54,,,0,70,,6011,54,,,0,30,,6012,54,,,0,70,,6013,54,,,0,30,,6014,54,,,0,70,,6015,54,,,0,30,,6016,54,,,0
701,'Weekday-01',600,,6017,54,,,0,30,,6018,54,,,0,70,,6019,54,,,0,20,,6020,54,,,0,10,,6021,54,,,0,15,,6022,54,,,0,55,,6023,54,,,0,15,,6024,54,,,0,15,,6025,54,,,0,70,,6026,54,,,0,30,,6027,54,,,0,70,,6028,54,,,0,30,,6029,54,,,0,70,,6030,54,,,0,30,,6031,54,,,0,70,,6032,54,,,0,30,,6033,54,,,0,70,,6034,54,,,0,30,,6035,54,,,0,70,,6036,54,,,0,30,,6037,54,,,0,70,,6038,54,,,0,30,,6039,54,,,0,70,,6040,54,,,0,25,,6041,54,,,0,30,,6042,54,,,0,75,,6043,54,,,0,70,,6044,54,,,0,30,,6045,54,,,0,70,,6046,54,,,0,100,,6047,54,,,0,45,,6048,54,,,0,70,,6049,54,,,0,100,,6050,54,,,0,100,,6051,54,,,0,100,,6052,54,,,0
1201,'Saturday-01',645,,6564,38,,,0,100,,6565,38,,,0,100,,6566,38,,,0,70,,6570,48,,,0,30,,6571,48,,,0,70,,6572,48,,,0,30,,6573,48,,,0,70,,6574,48,,,0,30,,6575,48,,,0,70,,6576,48,,,0,30,,6577,48,,,0,70,,6578,48,,,0,30,,6579,48,,,0,70,,6580,48,,,0,30,,6581,48,,,0,70,,6582,48,,,0,30,,6583,48,,,0,70,,6584,48,,,0,30,,6585,48,,,0,70,,6586,48,,,0,30,,6569,48,,,0,70,,6568,48,,,0,100,,6567,35,,,0,100,,6590,35,,,0,100,,6591,35,,,0,100,,6587,35,,,0,100,,6588,35,,,0,100,,6589,35,,,0
1201,'Sunday-01',830,,6592,38,,,0,100,,6593,38,,,0,100,,6594,38,,,0,100,,6595,38,,,0,100,,6596,38,,,0,100,,6597,38,,,0,100,,6598,38,,,0,100,,6599,38,,,0,100,,6600,38,,,0,100,,6601,38,,,0,100,,6602,38,,,0
1201,'Weekday-01',615,,6633,1,,,0,30,,6628,45,,,0,70,,6629,45,,,0,30,,6630,45,,,0,70,,6631,45,,,0,30,,6632,45,,,0,70,,6609,48,,,0,30,,6620,48,,,0,70,,6621,48,,,0,30,,6622,48,,,0,70,,6623,48,,,0,30,,6624,48,,,0,70,,6625,48,,,0,30,,6626,48,,,0,70,,6627,48,,,0,30,,6610,48,,,0,70,,6611,48,,,0,30,,6612,48,,,0,70,,6613,48,,,0,30,,6619,48,,,0,70,,6614,48,,,0,30,,6615,48,,,0,70,,6616,48,,,0,30,,6617,48,,,0,70,,6618,48,,,0,30,,6634,48,4,,0,70,,6603,35,,,0,100,,6604,35,,,0,100,,6605,35,,,0,100,,6606,35,,,0,100,,6607,35,,,0,100,,6608,35,,,0
6000,'Saturday-01',655,,7411,1,,,0,80,,7412,1,,,0,80,,7413,1,,,0,40,,7414,1,,,0,80,,7415,1,,,0,80,,7416,1,,,0,40,,7417,1,,,0,80,,7418,1,,,0,80,,7419,1,,,0,40,,7420,1,,,0,80,,7421,1,,,0,80,,7422,1,,,0,40,,7423,1,,,0,80,,7424,1,,,0,80,,7425,1,,,0,40,,7426,1,,,0,80,,7427,1,,,0,80,,7428,1,,,0,40,,7429,1,,,0,80,,7430,1,,,0,80,,7431,1,,,0,40,,7432,1,,,0,80,,7433,1,,,0,80,,7434,1,,,0,40,,7435,1,,,0,80,,7436,1,,,0,80,,7437,1,,,0
6000,'Sunday-01',830,,7438,1,,,0,80,,7439,1,,,0,40,,7440,1,,,0,80,,7441,1,,,0,80,,7442,1,,,0,40,,7443,1,,,0,80,,7444,1,,,0,80,,7445,1,,,0,40,,7446,1,,,0,80,,7447,1,,,0,80,,7448,1,,,0,40,,7449,1,,,0,80,,7450,1,,,0,80,,7451,1,,,0,40,,7452,1,,,0,80,,7453,1,,,0
6000,'Weekday-01',630,,7454,1,,,0,25,,7455,1,,,0,65,,7456,1,,,0,25,,7457,1,,,0,65,,7458,1,,,0,35,,7459,1,,,0,80,,7460,1,,,0,75,,7461,1,,,0,40,,7462,1,,,0,80,,7463,1,,,0,80,,7464,1,,,0,40,,7465,1,,,0,80,,7466,1,,,0,80,,7467,1,,,0,25,,7468,1,,,0,25,,7469,1,,,0,65,,7470,1,,,0,25,,7471,1,,,0,65,,7472,1,,,0,25,,7473,1,,,0,25,,7474,1,,,0,65,,7475,1,,,0,25,,7476,1,,,0,65,,7477,1,,,0,25,,7478,1,,,0,65,,7479,1,,,0,25,,7480,1,,,0,25,,7481,1,,,0,75,,7482,1,,,0,80,,7483,1,,,0,40,,7484,1,,,0,80,,7485,1,,,0,80,,7486,1,,,0,40,,7487,1,,,0,70,,7488,1,,,0
6001,'Saturday-01',655,,7491,34,4,,0,80,,7492,34,4,,0,80,,7493,34,4,,0,40,,7494,34,4,,0,80,,7495,34,4,,0,80,,7496,34,4,,0,40,,7497,34,4,,0,80,,7498,34,4,,0,80,,7499,34,4,,0,40,,7500,34,4,,0,80,,7501,34,4,,0,80,,7502,34,4,,0,40,,7503,34,4,,0,80,,7504,34,4,,0,80,,7505,34,4,,0,40,,7506,34,4,,0,80,,7507,34,4,,0,80,,7508,34,4,,0,40,,7509,34,4,,0,80,,7510,34,4,,0,80,,7511,34,4,,0,40,,7512,34,4,,0,80,,7513,34,4,,0,80,,7514,34,4,,0,40,,7515,34,4,,0,80,,7516,34,4,,0,80,,7517,34,4,,0
6001,'Sunday-01',830,,7520,34,4,,0,80,,7521,34,4,,0,40,,7522,34,4,,0,80,,7523,34,4,,0,80,,7524,34,4,,0,40,,7525,34,4,,0,80,,7526,34,4,,0,80,,7527,34,4,,0,40,,7528,34,4,,0,80,,7529,34,4,,0,80,,7530,34,4,,0,40,,7531,34,4,,0,80,,7532,34,4,,0,80,,7533,34,4,,0,40,,7534,34,4,,0,80,,7535,34,4,,0
6001,'Weekday-01',630,,7538,34,4,,0,25,,7539,34,4,,0,65,,7540,34,4,,0,25,,7541,34,4,,0,65,,7542,34,4,,0,35,,7543,34,4,,0,55,,7544,34,4,,0,25,,7545,34,4,,0,75,,7546,34,4,,0,40,,7547,34,4,,0,80,,7548,34,4,,0,80,,7549,34,4,,0,40,,7550,34,4,,0,80,,7551,34,4,,0,80,,7552,34,4,,0,50,,7553,34,4,,0,65,,7554,34,4,,0,25,,7555,34,4,,0,65,,7556,34,4,,0,25,,7557,34,4,,0,25,,7558,34,4,,0,65,,7559,34,4,,0,25,,7560,34,4,,0,65,,7561,34,4,,0,25,,7562,34,4,,0,65,,7563,34,4,,0,25,,7564,34,4,,0,25,,7565,34,4,,0,75,,7566,34,4,,0,15,,7567,34,4,,0,65,,7568,34,4,,0,40,,7569,34,4,,0,80,,7570,34,4,,0,80,,7571,34,4,,0,40,,7572,34,4,,0,70,,7573,34,4,,0
