100,'Saturday-01',615,,5048,27,0,5,0,30,,5049,27,0,5,0,100,,5054,27,0,5,0,70,,5055,27,0,5,0,30,,5056,27,0,5,0,70,,5057,27,0,5,0,30,,5058,27,0,5,0,70,,5059,27,0,5,0,30,,5060,27,0,5,0,70,,5061,27,0,5,0,30,,5062,27,0,5,0,55,,5082,1,0,5,0,15,,5050,27,0,5,0,30,,5051,27,0,5,0,70,,5071,27,0,5,0,30,,5072,27,0,5,0,60,,5052,27,0,5,0,30,,5053,27,0,5,0,70,,5067,27,0,5,0,30,,5068,27,0,5,0,70,,5069,27,0,5,0,30,,5070,27,0,5,0,70,,5073,27,0,5,0,30,,5074,27,0,5,0,70,,5075,27,0,5,0,109,,5063,56,0,5,0,30,,5064,56,0,5,0,70,,5076,56,0,5,0,43,,5077,56,0,5,0,70,,5065,56,0,5,0,95,,5078,56,0,5,0,85,,5079,56,0,5,0,18,,5080,56,0,5,0,105,,5066,56,0,5,0
100,'Sunday-01',812,,5085,56,0,5,0,100,,5086,56,0,5,0,100,,5087,56,0,5,0,100,,5088,56,0,5,0,100,,5090,56,0,5,0,100,,5091,56,0,5,0,105,,5092,56,0,5,0,100,,5093,56,0,5,0,105,,5094,56,0,5,0,100,,5089,56,0,5,0,108,,5083,56,0,5,0
100,'Weekday-01',600,,5143,1,0,5,0,15,,5106,27,0,8,0,10,,5132,27,0,8,0,5,,5107,27,0,8,0,15,,5108,27,0,8,0,55,,5109,27,0,8,0,20,,5095,27,0,5,0,15,,5112,27,0,8,0,15,,5096,27,0,5,0,60,,5097,27,0,5,0,20,,5098,27,0,5,0,70,,5099,27,0,5,0,20,,5100,27,0,5,0,20,,5101,27,0,5,0,75,,5117,29,0,5,0,30,,5118,29,0,5,0,70,,5119,29,0,5,0,30,,5120,29,0,5,0,70,,5113,29,0,8,0,30,,5114,29,0,8,0,70,,5110,27,0,8,0,30,,5111,27,0,8,0,70,,5115,29,0,8,0,30,,5116,29,0,8,0,70,,5139,29,0,8,0,10,,5133,27,0,8,0,20,,5121,29,0,5,0,10,,5134,27,0,8,0,60,,5122,29,0,5,0,10,,5135,27,0,8,0,15,,5102,27,0,5,0,15,,5136,27,0,8,0,55,,5103,27,0,5,0,15,,5137,27,0,8,0,15,,5104,27,0,5,0,70,,5138,27,0,8,0,20,,5105,27,0,5,0,70,,5123,56,0,5,0,30,,5124,56,0,5,0,75,,5140,56,0,8,0,10,,5127,56,0,8,0,35,,5128,56,0,8,0,70,,5129,56,0,8,0,100,,5130,56,0,8,0,20,,5131,56,0,8,0,100,,5125,56,0,5,0,88,,5126,56,0,5,0
500,'Saturday-01',700,,5788,1,,,0,100,,5789,1,,,0,100,,5790,1,,,0,100,,5791,1,,,0,100,,5792,1,,,0,100,,5793,1,,,0,100,,5794,1,,,0,100,,5795,1,,,0,100,,5796,1,,,0,100,,5797,1,,,0,100,,5798,1,,,0,100,,5799,1,,,0
500,'Weekday-01',610,,5801,1,,,0,30,,5802,1,,,0,70,,5803,1,,,0,30,,5804,1,,,0,70,,5805,1,,,0,90,,5806,1,,,0,100,,5807,1,,,0,100,,5808,1,,,0,100,,5809,1,,,0,100,,5810,1,,,0,100,,5811,1,,,0,100,,5812,1,,,0,110,,5813,1,,,0,30,,5814,1,,,0,70,,5815,1,,,0,35,,5816,1,,,0
501,'Saturday-01',700,,5818,41,4,,0,100,,5819,41,4,,0,100,,5820,41,4,,0,100,,5821,41,4,,0,100,,5822,41,4,,0,100,,5823,41,4,,0,100,,5824,41,4,,0,100,,5825,41,4,,0,100,,5826,41,4,,0,100,,5827,41,4,,0,100,,5828,41,4,,0,100,,5829,41,4,,0
501,'Weekday-01',610,,5832,41,4,,0,30,,5833,41,4,,0,70,,5836,41,4,,0,30,,5837,41,4,,0,70,,5838,41,4,,0,35,,5834,45,4,,0,65,,5839,41,4,,0,90,,5840,41,4,,0,100,,5841,41,4,,0,100,,5842,41,4,,0,100,,5843,41,4,,0,100,,5844,41,4,,0,100,,5845,41,4,,0,110,,5846,41,4,,0,30,,5835,41,4,,0,70,,5847,41,4,,0,30,,5848,41,4,,0
901,'Saturday-01',645,,6264,35,,,0,70,,6265,35,,,0,30,,6266,35,,,0,70,,6267,35,,,0,30,,6268,35,,,0,70,,6269,35,,,0,30,,6270,35,,,0,70,,6271,35,,,0,30,,6272,35,,,0,70,,6273,35,,,0,30,,6274,35,,,0,70,,6275,35,,,0,30,,6276,35,,,0,70,,6277,35,,,0,30,,6278,35,,,0,70,,6279,35,,,0,30,,6280,35,,,0,70,,6281,35,,,0,30,,6282,35,,,0,70,,6283,35,,,0,30,,6284,35,,,0,70,,6285,35,,,0,30,,6286,35,,,0,70,,6287,35,,,0,85,,6288,35,,,0,45,,6289,35,,,0,85,,6290,35,,,0,70,,6291,35,,,0,45,,6292,35,,,0,100,,6293,35,,,0,100,,6294,35,,,0
901,'Sunday-01',815,,6313,35,,,0,30,,6303,35,,,0,70,,6314,35,,,0,30,,6304,35,,,0,70,,6315,35,,,0,30,,6305,35,,,0,70,,6295,35,,,0,30,,6306,35,,,0,70,,6296,35,,,0,30,,6307,35,,,0,70,,6297,35,,,0,30,,6308,35,,,0,70,,6298,35,,,0,30,,6309,35,,,0,70,,6299,35,,,0,30,,6310,35,,,0,70,,6300,35,,,0,30,,6311,35,,,0,70,,6301,35,,,0,30,,6312,35,,,0,70,,6302,35,,,0
901,'Weekday-01',610,,6316,35,,,0,30,,6317,35,,,0,70,,6318,35,,,0,30,,6319,35,,,0,70,,6320,35,,,0,35,,6321,35,,,0,70,,6322,35,,,0,30,,6323,35,,,0,70,,6324,35,,,0,30,,6325,35,,,0,70,,6326,35,,,0,30,,6327,35,,,0,70,,6328,35,,,0,30,,6329,35,,,0,70,,6330,35,,,0,30,,6331,35,,,0,70,,6332,35,,,0,30,,6333,35,,,0,70,,6334,35,,,0,15,,6335,35,,,0,15,,6336,35,,,0,55,,6337,35,,,0,15,,6338,35,,,0,15,,6339,35,,,0,15,,6340,35,,,0,55,,6341,35,,,0,15,,6342,35,,,0,30,,6343,35,,,0,70,,6344,35,,,0,85,,6345,35,,,0,45,,6346,35,,,0,85,,6347,35,,,0,70,,6348,35,,,0,45,,6349,35,,,0,100,,6350,35,,,0,100,,6351,35,,,0
1001,'Saturday-01',640,,6420,37,,,0,100,,6421,37,,,0,100,,6422,37,,,0,70,,6423,37,,,0,30,,6424,37,,,0,70,,6425,37,,,0,30,,6426,37,,,0,70,,6427,37,,,0,30,,6428,37,,,0,70,,6429,37,,,0,30,,6430,37,,,0,70,,6431,37,,,0,30,,6432,37,,,0,70,,6433,37,,,0,30,,6434,37,,,0,70,,6435,37,,,0,30,,6436,37,,,0,70,,6437,37,,,0,30,,6438,37,,,0,70,,6439,37,,,0,30,,6440,37,,,0,71,,6441,37,,,0,29,,6447,37,4,,0,75,,6442,37,,,0,85,,6443,37,,,0,45,,6444,37,,,0,70,,6445,37,,,0,100,,6446,37,,,0
1001,'Sunday-01',830,,6448,37,,,0,100,,6449,37,,,0,100,,6450,37,,,0,100,,6451,37,,,0,100,,6452,37,,,0,100,,6453,37,,,0,100,,6454,37,,,0,100,,6455,37,,,0,100,,6456,37,,,0,100,,6457,37,,,0,100,,6458,37,,,0
1001,'Weekday-01',610,,6490,7,,,0,30,,6477,48,,,0,70,,6478,48,,,0,30,,6479,48,,,0,70,,6480,48,,,0,30,,6481,48,,,0,70,,6482,48,,,0,30,,6459,37,,,0,70,,6460,37,,,0,30,,6461,37,,,0,70,,6462,37,,,0,30,,6463,37,,,0,70,,6464,37,,,0,30,,6465,37,,,0,70,,6466,37,,,0,30,,6467,37,,,0,70,,6468,37,,,0,30,,6469,37,,,0,70,,6470,37,,,0,30,,6471,37,,,0,70,,6483,48,,,0,30,,6484,48,,,0,70,,6485,48,,,0,30,,6486,48,,,0,70,,6487,48,,,0,20,,6488,48,,,0,70,,6491,48,4,,0,15,,6472,37,,,0,85,,6473,37,,,0,45,,6474,37,,,0,70,,6475,37,,,0,100,,6476,37,,,0
3001,'Weekday-01',732,,7046,7,,,0,70,,7040,7,,,0,30,,7047,7,,,0,70,,7048,7,,,0,30,,7049,7,,,0,70,,7050,7,,,0,30,,7041,7,,,0,70,,7042,7,,,0,30,,7051,7,,,0,78,,7052,7,,,0,30,,7053,7,,,0,70,,7054,7,,,0,30,,7055,7,,,0,70,,7043,7,,,0,30,,7056,7,,,0,70,,7057,7,,,0,30,,7058,7,,,0,70,,7059,7,,,0,30,,7044,7,,,0,70,,7045,7,,,0,30,,7060,7,,,0
5000,'Saturday-01',635,,7251,1,,,0,100,,7252,1,,,0,100,,7253,1,,,0,70,,7254,1,,,0,30,,7255,1,,,0,70,,7256,1,,,0,30,,7257,1,,,0,70,,7258,1,,,0,30,,7259,1,,,0,70,,7260,1,,,0,30,,7261,1,,,0,70,,7262,1,,,0,30,,7263,1,,,0,70,,7264,1,,,0,30,,7265,1,,,0,70,,7266,1,,,0,30,,7267,1,,,0,70,,7268,1,,,0,30,,7269,1,,,0,70,,7270,1,,,0,30,,7271,1,,,0,70,,7272,1,,,0,30,,7273,1,,,0,70,,7274,1,,,0,30,,7275,1,,,0,70,,7276,1,,,0,30,,7277,1,,,0,70,,7278,1,,,0,40,,7279,1,,,0,100,,7280,1,,,0,100,,7281,1,,,0
5000,'Sunday-01',830,,7282,1,,,0,100,,7283,1,,,0,100,,7284,1,,,0,70,,7285,1,,,0,30,,7286,1,,,0,70,,7287,1,,,0,30,,7288,1,,,0,70,,7289,1,,,0,30,,7290,1,,,0,70,,7291,1,,,0,30,,7292,1,,,0,70,,7293,1,,,0,30,,7294,1,,,0,70,,7295,1,,,0,30,,7296,1,,,0,70,,7297,1,,,0
5000,'Weekday-01',605,,7298,1,,,0,30,,7299,1,,,0,70,,7300,1,,,0,30,,7301,1,,,0,70,,7302,1,,,0,30,,7303,1,,,0,70,,7304,1,,,0,30,,7305,1,,,0,70,,7306,1,,,0,30,,7307,1,,,0,70,,7308,1,,,0,30,,7309,1,,,0,70,,7310,1,,,0,30,,7311,1,,,0,70,,7312,1,,,0,30,,7313,1,,,0,70,,7314,1,,,0,30,,7315,1,,,0,70,,7316,1,,,0,30,,7317,1,,,0,70,,7318,1,,,0,30,,7319,1,,,0,70,,7320,1,,,0,30,,7321,1,,,0,70,,7322,1,,,0,30,,7323,1,,,0,70,,7324,1,,,0,30,,7325,1,,,0,70,,7326,1,,,0,30,,7327,1,,,0,70,,7328,1,,,0,40,,7329,1,,,0,100,,7330,1,,,0,100,,7331,1,,,0
5001,'Saturday-01',635,,7335,17,4,,0,100,,7336,17,4,,0,100,,7337,17,4,,0,100,,7338,17,4,,0,70,,7339,17,4,,0,30,,7340,17,4,,0,70,,7341,17,4,,0,30,,7342,17,4,,0,70,,7343,17,4,,0,30,,7344,17,4,,0,70,,7345,17,4,,0,30,,7346,17,4,,0,70,,7347,17,4,,0,30,,7348,17,4,,0,70,,7349,17,4,,0,30,,7350,17,4,,0,70,,7351,17,4,,0,30,,7352,17,4,,0,70,,7353,17,4,,0,30,,7354,17,4,,0,70,,7355,17,4,,0,30,,7356,17,4,,0,70,,7357,17,4,,0,30,,7358,17,4,,0,70,,7359,17,4,,0,30,,7360,17,4,,0,70,,7361,17,4,,0,39,,7332,17,4,,0,101,,7333,17,4,,0,100,,7334,17,4,,0
5001,'Sunday-01',930,,7362,17,4,,0,100,,7363,17,4,,0,100,,7364,17,4,,0,70,,7365,17,4,,0,30,,7366,17,4,,0,70,,7367,17,4,,0,30,,7368,17,4,,0,70,,7369,17,4,,0,30,,7370,17,4,,0,70,,7371,17,4,,0,30,,7372,17,4,,0,70,,7373,17,4,,0,30,,7374,17,4,,0,70,,7375,17,4,,0,30,,7376,17,4,,0,70,,7377,17,4,,0
5001,'Weekday-01',635,,7381,17,4,,0,70,,7382,17,4,,0,30,,7383,17,4,,0,70,,7384,17,4,,0,30,,7385,17,4,,0,70,,7386,17,4,,0,30,,7387,17,4,,0,70,,7388,17,4,,0,30,,7389,17,4,,0,70,,7390,17,4,,0,30,,7391,17,4,,0,70,,7392,17,4,,0,30,,7393,17,4,,0,70,,7394,17,4,,0,30,,7395,17,4,,0,70,,7396,17,4,,0,30,,7397,17,4,,0,70,,7398,17,4,,0,30,,7399,17,4,,0,70,,7400,17,4,,0,30,,7401,17,4,,0,70,,7402,17,4,,0,30,,7403,17,4,,0,70,,7404,17,4,,0,30,,7405,17,4,,0,70,,7406,17,4,,0,30,,7407,17,4,,0,70,,7408,17,4,,0,30,,7409,17,4,,0,70,,7410,17,4,,0,39,,7378,17,4,,0,101,,7379,17,4,,0,100,,7380,17,4,,0
