400,'Saturday-01',646,,5629,46,,,0,75,,5628,46,,,0,35,,5627,46,,,0,75,,5626,46,,,0,75,,5653,46,,,0,35,,5654,46,,,0,75,,5648,46,,,0,35,,5647,46,,,0,75,,5646,46,,,0,75,,5645,46,,,0,35,,5644,46,,,0,75,,5650,46,,,0,35,,5643,46,,,0,75,,5642,46,,,0,35,,5649,46,,,0,75,,5641,46,,,0,75,,5651,46,,,0,35,,5630,46,,,0,75,,5634,46,,,0,35,,5652,46,,,0,75,,5640,46,,,0,75,,5633,46,,,0,35,,5639,46,,,0,75,,5631,46,,,0,35,,5636,46,,,0,70,,5638,46,,,0,100,,5635,46,,,0,100,,5637,46,,,0,100,,5632,46,,,0
400,'Sunday-01',831,,5655,46,,,0,75,,5656,46,,,0,35,,5665,46,,,0,75,,5662,46,,,0,35,,5672,46,,,0,75,,5657,46,,,0,75,,5671,46,,,0,35,,5664,46,,,0,75,,5670,46,,,0,35,,5658,46,,,0,75,,5669,46,,,0,35,,5661,46,,,0,75,,5668,46,,,0,75,,5659,46,,,0,35,,5667,46,,,0,75,,5663,46,,,0,35,,5666,46,,,0,80,,5660,46,,,0
400,'Weekday-01',617,,5673,46,,,0,30,,5674,46,,,0,70,,5675,46,,,0,30,,5676,46,,,0,70,,5677,46,,,0,30,,5678,46,,,0,70,,5679,46,,,0,30,,5680,46,,,0,70,,5681,46,,,0,30,,5682,46,,,0,70,,5683,46,,,0,30,,5684,46,,,0,70,,5685,46,,,0,30,,5686,46,,,0,70,,5687,46,,,0,30,,5688,46,,,0,70,,5689,46,,,0,30,,5690,46,,,0,70,,5691,46,,,0,30,,5692,46,,,0,70,,5693,46,,,0,30,,5694,46,,,0,70,,5695,46,,,0,30,,5696,46,,,0,70,,5697,46,,,0,29,,5698,46,,,0,70,,5699,46,,,0,30,,5700,46,,,0,70,,5701,46,,,0,30,,5702,46,,,0,70,,5703,46,,,0,100,,5704,46,,,0,100,,5705,46,,,0,100,,5706,46,,,0
701,'Saturday-01',632,,5964,57,,,0,100,,5965,57,,,0,70,,5966,57,,,0,30,,5967,57,,,0,70,,5968,57,,,0,30,,5969,57,,,0,70,,5970,57,,,0,30,,5971,57,,,0,70,,5972,57,,,0,30,,5973,57,,,0,70,,5974,57,,,0,30,,5975,57,,,0,70,,5976,57,,,0,30,,5977,57,,,0,70,,5978,57,,,0,30,,5979,57,,,0,70,,5980,57,,,0,30,,5981,57,,,0,70,,5982,57,,,0,30,,5983,57,,,0,70,,5984,57,,,0,30,,5985,57,,,0,70,,5986,57,,,0,30,,5987,57,,,0,70,,5988,57,,,0,100,,5991,57,,,0,45,,5992,57,,,0,69,,5993,57,,,0,100,,5994,57,,,0,100,,5995,57,,,0,100,,5990,57,,,0
701,'Sunday-01',832,,5996,57,,,0,70,,5997,57,,,0,30,,5998,57,,,0,70,,5999,57,,,0,30,,6000,57,,,0,70,,6001,57,,,0,30,,6002,57,,,0,70,,6003,57,,,0,30,,6004,57,,,0,70,,6005,57,,,0,30,,6006,57,,,0,70,,6007,57,,,0,30,,6008,57,,,0,70,,6009,57,,,0,30,,6010,57,,,0,70,,6011,57,,,0,30,,6012,57,,,0,70,,6013,57,,,0,30,,6014,57,,,0,70,,6015,57,,,0,30,,6016,57,,,0
701,'Weekday-01',602,,6017,57,,,0,30,,6018,57,,,0,70,,6019,57,,,0,20,,6020,57,,,0,10,,6021,57,,,0,15,,6022,57,,,0,55,,6023,57,,,0,15,,6024,57,,,0,15,,6025,57,,,0,70,,6026,57,,,0,30,,6027,57,,,0,70,,6028,57,,,0,30,,6029,57,,,0,70,,6030,57,,,0,30,,6031,57,,,0,70,,6032,57,,,0,30,,6033,57,,,0,70,,6034,57,,,0,30,,6035,57,,,0,70,,6036,57,,,0,30,,6037,57,,,0,70,,6038,57,,,0,30,,6039,57,,,0,70,,6040,57,,,0,25,,6041,57,,,0,30,,6042,57,,,0,75,,6043,57,,,0,70,,6044,57,,,0,30,,6045,57,,,0,70,,6046,57,,,0,100,,6047,57,,,0,45,,6048,57,,,0,69,,6049,57,,,0,100,,6050,57,,,0,100,,6051,57,,,0,100,,6052,57,,,0
901,'Saturday-01',647,,6264,38,,,0,70,,6265,38,,,0,30,,6266,38,,,0,70,,6267,38,,,0,30,,6268,38,,,0,70,,6269,38,,,0,30,,6270,38,,,0,70,,6271,38,,,0,30,,6272,38,,,0,70,,6273,38,,,0,30,,6274,38,,,0,70,,6275,38,,,0,30,,6276,38,,,0,70,,6277,38,,,0,30,,6278,38,,,0,70,,6279,38,,,0,30,,6280,38,,,0,70,,6281,38,,,0,30,,6282,38,,,0,70,,6283,38,,,0,30,,6284,38,,,0,70,,6285,38,,,0,30,,6286,38,,,0,70,,6287,38,,,0,85,,6288,38,,,0,45,,6289,38,,,0,85,,6290,38,,,0,70,,6291,38,,,0,45,,6292,38,,,0,100,,6293,38,,,0,100,,6294,38,,,0
901,'Sunday-01',817,,6313,38,,,0,30,,6303,38,,,0,70,,6314,38,,,0,30,,6304,38,,,0,70,,6315,38,,,0,30,,6305,38,,,0,70,,6295,38,,,0,30,,6306,38,,,0,70,,6296,38,,,0,30,,6307,38,,,0,70,,6297,38,,,0,30,,6308,38,,,0,70,,6298,38,,,0,30,,6309,38,,,0,70,,6299,38,,,0,30,,6310,38,,,0,70,,6300,38,,,0,30,,6311,38,,,0,70,,6301,38,,,0,30,,6312,38,,,0,70,,6302,38,,,0
901,'Weekday-01',612,,6316,38,,,0,30,,6317,38,,,0,70,,6318,38,,,0,30,,6319,38,,,0,70,,6320,38,,,0,35,,6321,38,,,0,70,,6322,38,,,0,30,,6323,38,,,0,70,,6324,38,,,0,30,,6325,38,,,0,70,,6326,38,,,0,30,,6327,38,,,0,70,,6328,38,,,0,30,,6329,38,,,0,70,,6330,38,,,0,30,,6331,38,,,0,70,,6332,38,,,0,30,,6333,38,,,0,70,,6334,38,,,0,15,,6335,38,,,0,15,,6336,38,,,0,55,,6337,38,,,0,15,,6338,38,,,0,15,,6339,38,,,0,15,,6340,38,,,0,55,,6341,38,,,0,15,,6342,38,,,0,30,,6343,38,,,0,70,,6344,38,,,0,85,,6345,38,,,0,44,,6346,38,,,0,85,,6347,38,,,0,70,,6348,38,,,0,45,,6349,38,,,0,100,,6350,38,,,0,100,,6351,38,,,0
1001,'Saturday-01',643,,6420,40,,,0,100,,6421,40,,,0,99,,6422,40,,,0,70,,6423,40,,,0,30,,6424,40,,,0,70,,6425,40,,,0,30,,6426,40,,,0,70,,6427,40,,,0,30,,6428,40,,,0,70,,6429,40,,,0,30,,6430,40,,,0,70,,6431,40,,,0,30,,6432,40,,,0,70,,6433,40,,,0,30,,6434,40,,,0,70,,6435,40,,,0,30,,6436,40,,,0,70,,6437,40,,,0,30,,6438,40,,,0,70,,6439,40,,,0,30,,6440,40,,,0,71,,6441,40,,,0,104,,6442,40,,,0,85,,6443,40,,,0,45,,6444,40,,,0,70,,6445,40,,,0,101,,6446,40,,,0
1001,'Sunday-01',832,,6448,40,,,0,100,,6449,40,,,0,100,,6450,40,,,0,100,,6451,40,,,0,100,,6452,40,,,0,100,,6453,40,,,0,100,,6454,40,,,0,100,,6455,40,,,0,100,,6456,40,,,0,100,,6457,40,,,0,100,,6458,40,,,0
1001,'Weekday-01',612,,6490,10,,,0,30,,6477,51,,,0,70,,6478,51,,,0,30,,6479,51,,,0,70,,6480,51,,,0,30,,6481,51,,,0,70,,6482,51,,,0,30,,6459,40,,,0,70,,6460,40,,,0,30,,6461,40,,,0,70,,6462,40,,,0,30,,6463,40,,,0,70,,6464,40,,,0,30,,6465,40,,,0,70,,6466,40,,,0,30,,6467,40,,,0,70,,6468,40,,,0,30,,6469,40,,,0,70,,6470,40,,,0,30,,6471,40,,,0,70,,6483,51,,,0,30,,6484,51,,,0,70,,6485,51,,,0,30,,6486,51,,,0,70,,6487,51,,,0,20,,6488,51,,,0,85,,6472,40,,,0,85,,6473,40,,,0,45,,6474,40,,,0,70,,6475,40,,,0,101,,6476,40,,,0
2400,'Weekday-01',601,,6963,7,,,0,20,,6964,7,,,0,20,,6965,7,,,0,60,,6966,7,,,0,20,,6967,7,,,0,20,,6968,7,,,0,60,,6969,7,,,0,20,,6970,7,,,0,20,,6971,7,,,0,60,,6972,7,,,0,700,,6973,7,,,0,40,,6974,7,,,0,80,,6975,7,,,0,80,,6976,7,,,0,40,,6977,7,,,0,80,,6978,7,,,0,80,,6979,7,,,0,40,,6980,7,,,0,60,,6981,7,,,0,20,,6982,7,,,0,20,,6983,7,,,0,60,,6984,7,,,0,20,,6985,7,,,0,20,,6986,7,,,0,60,,6987,7,,,0,20,,6988,7,,,0,20,,6989,7,,,0,60,,6990,7,,,0,20,,6991,7,,,0
4000,'Saturday-01',621,,7061,29,,,0,30,,7062,29,,,0,70,,7063,29,,,0,30,,7064,29,,,0,70,,7065,29,,,0,30,,7066,29,,,0,70,,7067,29,,,0,30,,7068,29,,,0,70,,7069,29,,,0,30,,7070,29,,,0,70,,7071,29,,,0,30,,7072,29,,,0,70,,7073,29,,,0,30,,7074,29,,,0,70,,7075,29,,,0,30,,7076,29,,,0,70,,7077,29,,,0,30,,7078,29,,,0,70,,7079,29,,,0,30,,7080,29,,,0,70,,7081,29,,,0,30,,7082,29,,,0,70,,7083,29,,,0,30,,7084,29,,,0,70,,7085,29,,,0,30,,7086,29,,,0,70,,7087,29,,,0,30,,7088,29,,,0,70,,7089,29,,,0,30,,7090,29,,,0,70,,7091,29,,,0,30,,7092,29,,,0,70,,7093,29,,,0,30,,7094,29,,,0,70,,7095,29,,,0,100,,7096,29,,,0
4000,'Sunday-01',821,,7097,29,,,0,30,,7098,29,,,0,70,,7099,29,,,0,30,,7100,29,,,0,70,,7101,29,,,0,30,,7102,29,,,0,70,,7103,29,,,0,30,,7104,29,,,0,70,,7105,29,,,0,30,,7106,29,,,0,70,,7107,29,,,0,30,,7108,29,,,0,70,,7109,29,,,0,30,,7110,29,,,0,70,,7111,29,,,0,30,,7112,29,,,0,70,,7113,29,,,0,30,,7114,29,,,0,70,,7115,29,,,0,30,,7116,29,,,0,70,,7117,29,,,0
4000,'Weekday-01',621,,7155,29,,,0,30,,7146,29,,,0,70,,7147,29,,,0,30,,7148,29,,,0,70,,7149,29,,,0,30,,7150,29,,,0,70,,7151,29,,,0,30,,7152,29,,,0,70,,7153,29,,,0,30,,7154,29,,,0,70,,7121,29,,,0,30,,7143,29,,,0,70,,7142,29,,,0,30,,7141,29,,,0,70,,7140,29,,,0,30,,7122,29,,,0,70,,7139,29,,,0,30,,7138,29,,,0,70,,7144,29,,,0,30,,7123,29,,,0,70,,7124,29,,,0,30,,7125,29,,,0,70,,7137,29,,,0,30,,7145,29,,,0,70,,7127,29,,,0,30,,7129,29,,,0,70,,7136,29,,,0,30,,7135,29,,,0,70,,7134,29,,,0,30,,7126,29,,,0,70,,7133,29,,,0,30,,7132,29,,,0,70,,7131,29,,,0,30,,7130,29,,,0,70,,7120,29,,,0,100,,7128,29,,,0
