700,'Saturday-01',613,,5877,9,,,0,100,,5878,9,,,0,30,,5879,9,,,0,70,,5880,9,,,0,30,,5881,9,,,0,70,,5882,9,,,0,30,,5883,9,,,0,70,,5884,9,,,0,30,,5885,9,,,0,70,,5886,9,,,0,30,,5887,9,,,0,70,,5888,9,,,0,30,,5889,9,,,0,70,,5890,9,,,0,30,,5891,9,,,0,70,,5892,9,,,0,30,,5893,9,,,0,70,,5894,9,,,0,30,,5895,9,,,0,70,,5896,9,,,0,30,,5897,9,,,0,70,,5898,9,,,0,30,,5899,9,,,0,85,,5900,9,,,0,85,,5901,9,,,0,30,,5902,9,,,0,104,,5903,9,,,0,100,,5904,9,,,0,100,,5905,9,,,0,100,,5906,9,,,0
700,'Sunday-01',811,,5917,9,,,0,30,,5918,9,,,0,70,,5919,9,,,0,30,,5920,9,,,0,70,,5921,9,,,0,30,,5922,9,,,0,70,,5923,9,,,0,30,,5924,9,,,0,70,,5925,9,,,0,30,,5926,9,,,0,70,,5916,9,,,0,30,,5912,9,,,0,70,,5907,9,,,0,30,,5908,9,,,0,70,,5909,9,,,0,30,,5910,9,,,0,70,,5911,9,,,0,30,,5913,9,,,0,70,,5914,9,,,0,30,,5915,9,,,0
700,'Weekday-01',541,,5927,9,,,0,70,,5928,9,,,0,15,,5929,9,0,7,0,15,,5930,9,,,0,15,,5931,9,,,0,55,,5932,9,,,0,15,,5933,9,,,0,15,,5934,9,,,0,15,,5935,9,,,0,55,,5936,9,,,0,15,,5937,9,,,0,15,,5938,9,,,0,70,,5939,9,,,0,30,,5940,9,,,0,70,,5941,9,,,0,30,,5942,9,,,0,70,,5943,9,,,0,30,,5944,9,,,0,70,,5945,9,,,0,30,,5946,9,,,0,70,,5947,9,,,0,30,,5948,9,,,0,70,,5949,9,,,0,25,,5950,9,,,0,70,,5951,9,,,0,30,,5952,9,,,0,70,,5953,9,,,0,30,,5954,9,,,0,70,,5955,9,,,0,33,,5956,9,,,0,85,,5957,9,,,0,85,,5958,9,,,0,30,,5959,9,,,0,108,,5960,9,,,0,100,,5961,9,,,0,100,,5962,9,,,0,100,,5963,9,,,0
901,'Saturday-01',707,,6264,74,,,0,30,,6265,74,,,0,70,,6266,74,,,0,30,,6267,74,,,0,70,,6268,74,,,0,30,,6269,74,,,0,70,,6270,74,,,0,30,,6271,74,,,0,70,,6272,74,,,0,30,,6273,74,,,0,70,,6274,74,,,0,30,,6275,74,,,0,70,,6276,74,,,0,30,,6277,74,,,0,70,,6278,74,,,0,30,,6279,74,,,0,70,,6280,74,,,0,30,,6281,74,,,0,70,,6282,74,,,0,30,,6283,74,,,0,70,,6284,74,,,0,30,,6285,74,,,0,70,,6286,74,,,0,30,,6287,74,,,0,83,,6288,74,,,0,85,,6289,74,,,0,49,,6290,74,,,0,70,,6291,74,,,0,81,,6292,74,,,0,100,,6293,74,,,0,100,,6294,74,,,0
901,'Sunday-01',837,,6313,74,,,0,70,,6303,74,,,0,30,,6314,74,,,0,70,,6304,74,,,0,30,,6315,74,,,0,70,,6305,74,,,0,30,,6295,74,,,0,70,,6306,74,,,0,30,,6296,74,,,0,70,,6307,74,,,0,30,,6297,74,,,0,70,,6308,74,,,0,30,,6298,74,,,0,70,,6309,74,,,0,30,,6299,74,,,0,70,,6310,74,,,0,30,,6300,74,,,0,70,,6311,74,,,0,30,,6301,74,,,0,70,,6312,74,,,0,30,,6302,74,,,0
901,'Weekday-01',636,,6316,74,,,0,70,,6317,74,,,0,30,,6318,74,,,0,70,,6319,74,,,0,30,,6320,74,,,0,72,,6321,74,,,0,30,,6322,74,,,0,70,,6323,74,,,0,30,,6324,74,,,0,70,,6325,74,,,0,30,,6326,74,,,0,70,,6327,74,,,0,30,,6328,74,,,0,70,,6329,74,,,0,30,,6330,74,,,0,70,,6331,74,,,0,30,,6332,74,,,0,70,,6333,74,,,0,30,,6334,74,,,0,15,,6335,74,,,0,55,,6336,74,,,0,15,,6337,74,,,0,15,,6338,74,,,0,15,,6339,74,,,0,55,,6340,74,,,0,15,,6341,74,,,0,22,,6342,74,,,0,70,,6343,74,,,0,27,,6344,74,,,0,79,,6345,74,,,0,82,,6346,74,,,0,45,,6347,74,,,0,70,,6348,74,,,0,85,,6349,74,,,0,100,,6350,74,,,0,100,,6351,74,,,0
1800,'Saturday-01',610,,6703,1,,,0,30,,6704,1,,,0,70,,6705,1,,,0,30,,6706,1,,,0,70,,6707,1,,,0,30,,6708,1,,,0,70,,6709,1,,,0,30,,6710,1,,,0,70,,6711,1,,,0,30,,6712,1,,,0,70,,6713,1,,,0,30,,6714,1,,,0,70,,6715,1,,,0,30,,6716,1,,,0,70,,6717,1,,,0,30,,6718,1,,,0,70,,6719,1,,,0,30,,6720,1,,,0,70,,6721,1,,,0,30,,6722,1,,,0,70,,6723,1,,,0,30,,6724,1,,,0,70,,6725,1,,,0,30,,6726,1,,,0,70,,6727,1,,,0
1800,'Sunday-01',810,,6728,1,,,0,100,,6729,1,,,0,100,,6730,1,,,0,100,,6731,1,,,0,100,,6732,1,,,0,100,,6733,1,,,0,100,,6734,1,,,0,100,,6735,1,,,0,100,,6736,1,,,0,100,,6737,1,,,0,100,,6738,1,,,0
1800,'Weekday-01',610,,6739,1,,,0,30,,6740,1,,,0,70,,6741,1,,,0,15,,6768,1,,,0,15,,6742,1,,,0,15,,6769,1,,,0,55,,6743,1,,,0,15,,6770,1,,,0,15,,6744,1,,,0,15,,6771,1,,,0,55,,6745,1,,,0,15,,6772,1,,,0,15,,6746,1,,,0,15,,6773,1,,,0,55,,6747,1,,,0,30,,6748,1,,,0,70,,6749,1,,,0,30,,6750,1,,,0,70,,6751,1,,,0,30,,6752,1,,,0,70,,6753,1,,,0,30,,6754,1,,,0,70,,6755,1,,,0,15,,6774,1,,,0,15,,6756,1,,,0,15,,6775,1,,,0,55,,6757,1,,,0,15,,6776,1,,,0,15,,6758,1,,,0,15,,6777,1,,,0,55,,6759,1,,,0,15,,6778,1,,,0,15,,6760,1,,,0,15,,6779,1,,,0,55,,6761,1,,,0,30,,6762,1,,,0,70,,6763,1,,,0,30,,6764,1,,,0,100,,6765,1,,,0,100,,6766,1,,,0,100,,6767,1,,,0
1801,'Saturday-01',610,,6805,23,4,,0,30,,6806,23,4,,0,70,,6780,36,4,,0,30,,6781,36,4,,0,70,,6782,36,4,,0,30,,6783,36,4,,0,70,,6784,36,4,,0,30,,6785,36,4,,0,70,,6786,36,4,,0,30,,6787,36,4,,0,70,,6788,36,4,,0,30,,6789,36,4,,0,70,,6790,36,4,,0,30,,6791,36,4,,0,70,,6792,36,4,,0,30,,6793,36,4,,0,70,,6794,36,4,,0,30,,6795,36,4,,0,70,,6796,36,4,,0,30,,6797,36,4,,0,70,,6798,36,4,,0,30,,6799,36,4,,0,70,,6800,36,4,,0,30,,6801,36,4,,0,70,,6802,36,4,,0,30,,6803,36,4,,0,70,,6804,36,4,,0
1801,'Sunday-01',810,,6807,23,4,,0,100,,6809,36,4,,0,100,,6810,36,4,,0,100,,6811,36,4,,0,100,,6812,36,4,,0,100,,6813,36,4,,0,100,,6814,36,4,,0,100,,6815,36,4,,0,100,,6816,36,4,,0,100,,6817,36,4,,0,100,,6808,36,4,,0,100,,6818,36,4,,0
1801,'Weekday-01',610,,6819,23,4,,0,30,,6820,23,4,,0,70,,6821,36,4,,0,30,,6822,36,4,,0,70,,6823,36,4,,0,15,,6850,36,4,,0,15,,6824,36,4,,0,15,,6851,36,4,,0,55,,6825,36,4,,0,15,,6852,36,4,,0,15,,6826,36,4,,0,15,,6853,36,4,,0,55,,6827,36,4,,0,15,,6854,36,4,,0,15,,6828,36,4,,0,15,,6855,36,4,,0,55,,6829,36,4,,0,30,,6830,36,4,,0,70,,6831,36,4,,0,30,,6832,36,4,,0,70,,6833,36,4,,0,30,,6834,36,4,,0,70,,6835,36,4,,0,30,,6836,36,4,,0,70,,6837,36,4,,0,15,,6856,36,4,,0,15,,6838,36,4,,0,15,,6857,36,4,,0,55,,6839,36,4,,0,15,,6858,36,4,,0,15,,6840,36,4,,0,15,,6859,36,4,,0,55,,6841,36,4,,0,15,,6860,36,4,,0,15,,6842,36,4,,0,15,,6861,36,4,,0,55,,6843,36,4,,0,30,,6844,36,4,,0,70,,6845,36,4,,0,30,,6846,36,4,,0,100,,6847,36,4,,0,100,,6848,36,4,,0,88,,6849,36,4,,0
4000,'Saturday-01',643,,7061,49,4,,0,70,,7062,49,4,,0,30,,7063,49,4,,0,70,,7064,49,4,,0,30,,7065,49,4,,0,70,,7066,49,4,,0,30,,7067,49,4,,0,70,,7068,49,4,,0,30,,7069,49,4,,0,70,,7070,49,4,,0,30,,7071,49,4,,0,70,,7072,49,4,,0,30,,7073,49,4,,0,70,,7074,49,4,,0,30,,7075,49,4,,0,70,,7076,49,4,,0,30,,7077,49,4,,0,70,,7078,49,4,,0,30,,7079,49,4,,0,70,,7080,49,4,,0,30,,7081,49,4,,0,70,,7082,49,4,,0,30,,7083,49,4,,0,70,,7084,49,4,,0,30,,7085,49,4,,0,70,,7086,49,4,,0,30,,7087,49,4,,0,70,,7088,49,4,,0,30,,7089,49,4,,0,70,,7090,49,4,,0,30,,7091,49,4,,0,70,,7092,49,4,,0,30,,7093,49,4,,0,70,,7094,49,4,,0,30,,7095,49,4,,0,100,,7096,49,4,,0
4000,'Sunday-01',843,,7097,49,4,,0,70,,7098,49,4,,0,30,,7099,49,4,,0,70,,7100,49,4,,0,30,,7101,49,4,,0,70,,7102,49,4,,0,30,,7103,49,4,,0,70,,7104,49,4,,0,30,,7105,49,4,,0,70,,7106,49,4,,0,30,,7107,49,4,,0,70,,7108,49,4,,0,30,,7109,49,4,,0,70,,7110,49,4,,0,30,,7111,49,4,,0,70,,7112,49,4,,0,30,,7113,49,4,,0,70,,7114,49,4,,0,30,,7115,49,4,,0,70,,7116,49,4,,0,30,,7117,49,4,,0
4000,'Weekday-01',643,,7155,49,4,,0,70,,7146,49,4,,0,30,,7147,49,4,,0,70,,7148,49,4,,0,30,,7149,49,4,,0,70,,7150,49,4,,0,30,,7151,49,4,,0,70,,7152,49,4,,0,30,,7153,49,4,,0,70,,7154,49,4,,0,30,,7121,49,4,,0,70,,7143,49,4,,0,30,,7142,49,4,,0,70,,7141,49,4,,0,30,,7140,49,4,,0,70,,7122,49,4,,0,30,,7139,49,4,,0,70,,7138,49,4,,0,30,,7144,49,4,,0,70,,7123,49,4,,0,30,,7124,49,4,,0,70,,7125,49,4,,0,30,,7137,49,4,,0,70,,7145,49,4,,0,30,,7127,49,4,,0,70,,7129,49,4,,0,30,,7136,49,4,,0,70,,7135,49,4,,0,30,,7134,49,4,,0,70,,7126,49,4,,0,30,,7133,49,4,,0,70,,7132,49,4,,0,30,,7131,49,4,,0,70,,7130,49,4,,0,30,,7120,49,4,,0,100,,7128,49,4,,0
4001,'Saturday-01',543,,7157,1,,,0,100,,7158,1,,,0,70,,7159,1,,,0,30,,7160,1,,,0,70,,7161,1,,,0,30,,7162,1,,,0,70,,7163,1,,,0,30,,7164,1,,,0,70,,7165,1,,,0,30,,7166,1,,,0,70,,7167,1,,,0,30,,7168,1,,,0,70,,7169,1,,,0,30,,7170,1,,,0,70,,7171,1,,,0,30,,7172,1,,,0,70,,7173,1,,,0,30,,7174,1,,,0,70,,7175,1,,,0,30,,7176,1,,,0,70,,7177,1,,,0,30,,7178,1,,,0,70,,7179,1,,,0,30,,7180,1,,,0,70,,7181,1,,,0,30,,7182,1,,,0,70,,7183,1,,,0,30,,7184,1,,,0,70,,7185,1,,,0,30,,7186,1,,,0,70,,7187,1,,,0,30,,7188,1,,,0,70,,7189,1,,,0,30,,7190,1,,,0,70,,7192,1,,,0,30,,7191,1,,,0
4001,'Sunday-01',743,,7193,1,,,0,70,,7194,1,,,0,30,,7195,1,,,0,70,,7196,1,,,0,30,,7197,1,,,0,70,,7198,1,,,0,30,,7199,1,,,0,70,,7200,1,,,0,30,,7201,1,,,0,70,,7202,1,,,0,30,,7203,1,,,0,70,,7204,1,,,0,30,,7205,1,,,0,70,,7206,1,,,0,30,,7207,1,,,0,70,,7208,1,,,0,30,,7209,1,,,0,70,,7210,1,,,0,30,,7211,1,,,0,70,,7212,1,,,0,30,,7213,1,,,0
4001,'Weekday-01',543,,7249,1,,,0,70,,7214,1,,,0,30,,7215,1,,,0,70,,7216,1,,,0,30,,7217,1,,,0,70,,7218,1,,,0,30,,7219,1,,,0,70,,7220,1,,,0,30,,7221,1,,,0,70,,7222,1,,,0,30,,7223,1,,,0,70,,7224,1,,,0,30,,7225,1,,,0,70,,7226,1,,,0,30,,7227,1,,,0,70,,7228,1,,,0,30,,7229,1,,,0,70,,7230,1,,,0,30,,7231,1,,,0,70,,7232,1,,,0,30,,7233,1,,,0,70,,7234,1,,,0,30,,7235,1,,,0,70,,7236,1,,,0,30,,7237,1,,,0,70,,7238,1,,,0,30,,7239,1,,,0,70,,7240,1,,,0,30,,7241,1,,,0,70,,7242,1,,,0,30,,7243,1,,,0,70,,7244,1,,,0,30,,7245,1,,,0,70,,7246,1,,,0,30,,7247,1,,,0,70,,7250,1,,,0,30,,7248,1,,,0
