100,'Saturday-01',614,,5048,26,0,5,0,30,,5049,26,0,5,0,100,,5054,26,0,5,0,70,,5055,26,0,5,0,30,,5056,26,0,5,0,70,,5057,26,0,5,0,30,,5058,26,0,5,0,70,,5059,26,0,5,0,30,,5060,26,0,5,0,70,,5061,26,0,5,0,30,,5062,26,0,5,0,70,,5050,26,0,5,0,30,,5051,26,0,5,0,70,,5071,26,0,5,0,30,,5072,26,0,5,0,60,,5052,26,0,5,0,30,,5053,26,0,5,0,70,,5067,26,0,5,0,30,,5068,26,0,5,0,70,,5069,26,0,5,0,30,,5070,26,0,5,0,70,,5073,26,0,5,0,30,,5074,26,0,5,0,70,,5075,26,0,5,0,109,,5063,55,0,5,0,30,,5064,55,0,5,0,70,,5076,55,0,5,0,43,,5077,55,0,5,0,70,,5065,55,0,5,0,95,,5078,55,0,5,0,85,,5079,55,0,5,0,18,,5080,55,0,5,0,105,,5066,55,0,5,0
100,'Sunday-01',811,,5085,55,0,5,0,100,,5086,55,0,5,0,100,,5087,55,0,5,0,100,,5088,55,0,5,0,100,,5090,55,0,5,0,100,,5091,55,0,5,0,105,,5092,55,0,5,0,100,,5093,55,0,5,0,105,,5094,55,0,5,0,100,,5089,55,0,5,0,108,,5083,55,0,5,0
100,'Weekday-01',614,,5106,26,0,8,0,10,,5132,26,0,8,0,5,,5107,26,0,8,0,15,,5108,26,0,8,0,15,,5109,26,0,8,0,60,,5095,26,0,5,0,15,,5112,26,0,8,0,15,,5096,26,0,5,0,60,,5097,26,0,5,0,20,,5098,26,0,5,0,30,,5099,26,0,5,0,60,,5100,26,0,5,0,20,,5101,26,0,5,0,75,,5117,28,0,5,0,30,,5118,28,0,5,0,70,,5119,28,0,5,0,30,,5120,28,0,5,0,70,,5113,28,0,8,0,30,,5114,28,0,8,0,70,,5110,26,0,8,0,30,,5111,26,0,8,0,70,,5115,28,0,8,0,30,,5116,28,0,8,0,70,,5139,28,0,8,0,10,,5133,26,0,8,0,20,,5121,28,0,5,0,10,,5134,26,0,8,0,60,,5122,28,0,5,0,10,,5135,26,0,8,0,15,,5102,26,0,5,0,15,,5136,26,0,8,0,55,,5103,26,0,5,0,15,,5137,26,0,8,0,15,,5104,26,0,5,0,70,,5138,26,0,8,0,20,,5105,26,0,5,0,30,,5123,55,0,5,0,70,,5124,55,0,5,0,75,,5140,55,0,8,0,10,,5127,55,0,8,0,35,,5128,55,0,8,0,70,,5129,55,0,8,0,100,,5130,55,0,8,0,20,,5131,55,0,8,0,100,,5125,55,0,5,0,89,,5126,55,0,5,0
201,'Saturday-01',642,,5335,34,,,0,70,,5336,34,,,0,30,,5337,34,,,0,70,,5338,34,,,0,30,,5339,34,,,0,70,,5340,34,,,0,30,,5341,34,,,0,70,,5342,34,,,0,30,,5343,34,,,0,70,,5344,34,,,0,30,,5345,34,,,0,70,,5346,34,,,0,30,,5347,34,,,0,70,,5348,34,,,0,30,,5349,34,,,0,70,,5350,34,,,0,30,,5351,34,,,0,70,,5352,34,,,0,30,,5353,34,,,0,70,,5354,34,,,0,30,,5355,34,,,0,70,,5356,34,,,0,30,,5357,34,,,0,70,,5358,34,,,0,30,,5359,34,,,0,70,,5360,34,,,0,30,,5361,34,,,0,70,,5362,34,,,0,30,,5363,34,,,0,70,,5364,34,,,0,100,,5365,34,,,0,100,,5366,34,,,0,100,,5367,34,,,0
201,'Sunday-01',828,,5368,34,,,0,30,,5369,34,,,0,70,,5370,34,,,0,30,,5371,34,,,0,70,,5372,34,,,0,30,,5373,34,,,0,70,,5374,34,,,0,30,,5375,34,,,0,70,,5376,34,,,0,30,,5377,34,,,0,70,,5378,34,,,0,30,,5379,34,,,0,70,,5380,34,,,0,30,,5381,34,,,0,70,,5382,34,,,0,30,,5383,34,,,0,70,,5384,34,,,0,30,,5385,34,,,0,70,,5386,34,,,0,30,,5387,34,,,0
201,'Weekday-01',612,,5390,34,,,0,30,,5391,34,,,0,15,,5392,34,,,0,55,,5393,34,,,0,15,,5394,34,,,0,15,,5395,34,,,0,15,,5396,34,,,0,55,,5429,34,,,0,15,,5397,34,,,0,15,,5398,34,,,0,16,,5430,34,,,0,54,,5428,34,,,0,30,,5399,34,,,0,70,,5400,34,,,0,30,,5401,34,,,0,70,,5402,34,,,0,30,,5403,34,,,0,70,,5404,34,,,0,30,,5405,34,,,0,70,,5406,34,,,0,25,,5407,34,,,0,70,,5408,34,,,0,35,,5409,34,,,0,70,,5410,34,,,0,15,,5411,34,,,0,15,,5412,34,,,0,14,,5413,34,,,0,56,,5414,34,,,0,15,,5415,34,,,0,15,,5416,34,,,0,15,,5417,34,,,0,55,,5418,34,,,0,30,,5419,34,,,0,70,,5420,34,,,0,30,,5421,34,,,0,70,,5422,34,,,0,30,,5423,34,,,0,70,,5424,34,,,0,30,,5425,34,,,0,70,,5426,34,,,0,30,,5427,34,,,0,70,,5431,34,,,0,30,,5432,34,,,0,70,,5433,34,,,0,30,,5434,34,,,0,70,,5435,34,,,0
301,'Saturday-01',704,,5554,12,,,0,30,,5531,12,,,0,70,,5532,12,,,0,30,,5533,12,,,0,70,,5534,12,,,0,30,,5535,12,,,0,70,,5536,12,,,0,30,,5537,12,,,0,70,,5538,12,,,0,30,,5555,12,,,0,70,,5539,12,,,0,30,,5556,12,,,0,70,,5557,12,,,0,30,,5558,12,,,0,70,,5559,12,,,0,30,,5540,12,,,0,70,,5541,12,,,0,30,,5560,12,,,0,70,,5542,12,,,0,30,,5543,12,,,0,70,,5544,12,,,0,30,,5545,12,,,0,70,,5561,12,,,0,30,,5562,12,,,0,80,,5546,11,,,0,30,,5547,11,,,0,70,,5548,11,,,0,30,,5549,11,,,0,70,,5550,11,,,0,100,,5551,11,,,0,100,,5552,11,,,0,100,,5553,11,,,0
301,'Sunday-01',828,,5563,12,,,0,30,,5574,12,,,0,70,,5575,12,,,0,30,,5576,12,,,0,70,,5577,12,,,0,30,,5578,12,,,0,70,,5579,12,,,0,30,,5580,12,,,0,70,,5581,12,,,0,30,,5582,12,,,0,70,,5583,12,,,0,30,,5564,12,,,0,70,,5565,12,,,0,30,,5566,12,,,0,70,,5567,12,,,0,30,,5568,12,,,0,70,,5569,12,,,0,30,,5570,12,,,0,70,,5571,12,,,0,30,,5572,12,,,0,70,,5573,12,,,0
301,'Weekday-01',559,,5584,12,,,0,70,,5585,12,,,0,30,,5586,12,,,0,55,,5587,12,,,0,15,,5588,12,,,0,15,,5589,12,,,0,15,,5590,12,,,0,55,,5591,12,,,0,15,,5592,12,,,0,30,,5593,12,,,0,70,,5594,12,,,0,30,,5595,12,,,0,70,,5596,12,,,0,30,,5597,12,,,0,70,,5598,12,,,0,30,,5599,12,,,0,70,,5600,12,,,0,30,,5601,12,,,0,70,,5602,12,,,0,30,,5603,12,,,0,70,,5604,12,,,0,30,,5605,12,,,0,55,,5606,12,,,0,15,,5607,12,,,0,15,,5608,12,,,0,15,,5609,12,,,0,70,,5610,12,,,0,15,,5611,12,,,0,15,,5612,12,,,0,55,,5613,12,,,0,30,,5614,12,,,0,70,,5615,11,,,0,30,,5616,11,,,0,70,,5617,11,,,0,30,,5618,11,,,0,70,,5619,11,,,0,30,,5620,11,,,0,70,,5621,11,,,0,30,,5625,11,,,0,70,,5624,12,,,0,100,,5622,11,,,0,100,,5623,11,,,0
501,'Saturday-01',659,,5818,40,,,0,100,,5819,40,,,0,100,,5820,40,,,0,100,,5821,40,,,0,100,,5822,40,,,0,100,,5823,40,,,0,100,,5824,40,,,0,100,,5825,40,,,0,100,,5826,40,,,0,100,,5827,40,,,0,100,,5828,40,,,0,100,,5829,40,,,0
501,'Weekday-01',609,,5832,40,,,0,30,,5833,40,,,0,70,,5836,40,,,0,30,,5837,40,,,0,70,,5838,40,,,0,35,,5834,44,,,0,65,,5839,40,,,0,50,,5840,40,,,0,100,,5841,40,,,0,100,,5842,40,,,0,100,,5843,40,,,0,100,,5844,40,,,0,100,,5845,40,,,0,150,,5846,40,,,0,30,,5835,40,,,0,70,,5847,40,,,0,30,,5848,40,,,0
701,'Saturday-01',628,,5964,53,,,0,100,,5965,53,,,0,30,,5966,53,,,0,70,,5967,53,,,0,30,,5968,53,,,0,70,,5969,53,,,0,30,,5970,53,,,0,70,,5971,53,,,0,30,,5972,53,,,0,70,,5973,53,,,0,30,,5974,53,,,0,70,,5975,53,,,0,30,,5976,53,,,0,70,,5977,53,,,0,30,,5978,53,,,0,70,,5979,53,,,0,30,,5980,53,,,0,70,,5981,53,,,0,30,,5982,53,,,0,70,,5983,53,,,0,30,,5984,53,,,0,70,,5985,53,,,0,30,,5986,53,,,0,70,,5987,53,,,0,30,,5988,53,,,0,101,,5991,53,,,0,85,,5992,53,,,0,70,,5993,53,,,0,100,,5994,53,,,0,100,,5995,53,,,0,100,,5990,53,,,0
701,'Sunday-01',828,,5996,53,,,0,30,,5997,53,,,0,70,,5998,53,,,0,30,,5999,53,,,0,70,,6000,53,,,0,30,,6001,53,,,0,70,,6002,53,,,0,30,,6003,53,,,0,70,,6004,53,,,0,30,,6005,53,,,0,70,,6006,53,,,0,30,,6007,53,,,0,70,,6008,53,,,0,30,,6009,53,,,0,70,,6010,53,,,0,30,,6011,53,,,0,70,,6012,53,,,0,30,,6013,53,,,0,70,,6014,53,,,0,30,,6015,53,,,0,70,,6016,53,,,0
701,'Weekday-01',558,,6017,53,,,0,70,,6018,53,,,0,30,,6019,53,,,0,60,,6020,53,,,0,10,,6021,53,,,0,15,,6022,53,,,0,15,,6023,53,,,0,55,,6024,53,,,0,15,,6025,53,,,0,30,,6026,53,,,0,70,,6027,53,,,0,30,,6028,53,,,0,70,,6029,53,,,0,30,,6030,53,,,0,70,,6031,53,,,0,30,,6032,53,,,0,70,,6033,53,,,0,30,,6034,53,,,0,70,,6035,53,,,0,30,,6036,53,,,0,70,,6037,53,,,0,30,,6038,53,,,0,70,,6039,53,,,0,30,,6040,53,,,0,65,,6041,53,,,0,30,,6042,53,,,0,75,,6043,53,,,0,30,,6044,53,,,0,70,,6045,53,,,0,30,,6046,53,,,0,101,,6047,53,,,0,85,,6048,53,,,0,70,,6049,53,,,0,100,,6050,53,,,0,100,,6051,53,,,0,100,,6052,53,,,0
800,'Saturday-01',643,,6054,50,,,0,100,,6055,50,,,0,100,,6056,50,,,0,70,,6059,50,,,0,30,,6060,50,,,0,70,,6061,50,,,0,30,,6062,50,,,0,70,,6063,50,,,0,30,,6064,50,,,0,70,,6065,50,,,0,30,,6066,50,,,0,70,,6067,50,,,0,30,,6068,50,,,0,70,,6069,50,,,0,30,,6058,50,,,0,70,,6057,50,,,0,30,,6076,50,,,0,70,,6075,50,,,0,30,,6074,50,,,0,70,,6073,50,,,0,30,,6072,50,,,0,70,,6070,50,,,0,100,,6071,50,,,0,100,,6077,50,,,0,100,,6078,50,,,0
800,'Sunday-01',828,,6079,50,,,0,100,,6080,50,,,0,100,,6081,50,,,0,100,,6082,50,,,0,100,,6083,50,,,0,100,,6084,50,,,0,100,,6085,50,,,0,100,,6086,50,,,0,100,,6087,50,,,0,100,,6088,50,,,0,100,,6089,50,,,0
800,'Weekday-01',543,,6114,50,,,0,75,,6115,50,,,0,35,,6113,50,,,0,75,,6112,50,,,0,75,,6090,50,,,0,35,,6091,50,,,0,75,,6092,50,,,0,35,,6093,50,,,0,75,,6094,50,,,0,35,,6095,50,,,0,75,,6096,50,,,0,75,,6097,50,,,0,35,,6098,50,,,0,75,,6099,50,,,0,35,,6100,50,,,0,75,,6101,50,,,0,75,,6102,50,,,0,35,,6103,50,,,0,75,,6104,50,,,0,35,,6105,50,,,0,75,,6106,50,,,0,35,,6107,50,,,0,75,,6108,50,,,0,110,,6109,50,,,0,110,,6110,50,,,0,150,,6111,50,,,0
901,'Saturday-01',644,,6264,34,,,0,70,,6265,34,,,0,30,,6266,34,,,0,70,,6267,34,,,0,30,,6268,34,,,0,70,,6269,34,,,0,30,,6270,34,,,0,70,,6271,34,,,0,30,,6272,34,,,0,70,,6273,34,,,0,30,,6274,34,,,0,70,,6275,34,,,0,30,,6276,34,,,0,70,,6277,34,,,0,30,,6278,34,,,0,70,,6279,34,,,0,30,,6280,34,,,0,70,,6281,34,,,0,30,,6282,34,,,0,70,,6283,34,,,0,30,,6284,34,,,0,70,,6285,34,,,0,30,,6286,34,,,0,70,,6287,34,,,0,45,,6288,34,,,0,85,,6289,34,,,0,85,,6290,34,,,0,30,,6291,34,,,0,85,,6292,34,,,0,100,,6293,34,,,0,100,,6294,34,,,0
901,'Sunday-01',814,,6313,34,,,0,30,,6303,34,,,0,70,,6314,34,,,0,30,,6304,34,,,0,70,,6315,34,,,0,30,,6305,34,,,0,70,,6295,34,,,0,30,,6306,34,,,0,70,,6296,34,,,0,30,,6307,34,,,0,70,,6297,34,,,0,30,,6308,34,,,0,70,,6298,34,,,0,30,,6309,34,,,0,70,,6299,34,,,0,30,,6310,34,,,0,70,,6300,34,,,0,30,,6311,34,,,0,70,,6301,34,,,0,30,,6312,34,,,0,70,,6302,34,,,0
901,'Weekday-01',609,,6316,34,,,0,30,,6317,34,,,0,70,,6318,34,,,0,30,,6319,34,,,0,70,,6320,34,,,0,35,,6321,34,,,0,70,,6322,34,,,0,30,,6323,34,,,0,70,,6324,34,,,0,30,,6325,34,,,0,70,,6326,34,,,0,30,,6327,34,,,0,70,,6328,34,,,0,30,,6329,34,,,0,70,,6330,34,,,0,30,,6331,34,,,0,70,,6332,34,,,0,30,,6333,34,,,0,70,,6334,34,,,0,15,,6335,34,,,0,15,,6336,34,,,0,15,,6337,34,,,0,55,,6338,34,,,0,15,,6339,34,,,0,15,,6340,34,,,0,15,,6341,34,,,0,55,,6342,34,,,0,30,,6343,34,,,0,70,,6344,34,,,0,45,,6345,34,,,0,85,,6346,34,,,0,85,,6347,34,,,0,30,,6348,34,,,0,85,,6349,34,,,0,100,,6350,34,,,0,100,,6351,34,,,0
1001,'Saturday-01',639,,6420,36,,,0,100,,6421,36,,,0,100,,6422,36,,,0,70,,6423,36,,,0,30,,6424,36,,,0,70,,6425,36,,,0,30,,6426,36,,,0,70,,6427,36,,,0,30,,6428,36,,,0,70,,6429,36,,,0,30,,6430,36,,,0,70,,6431,36,,,0,30,,6432,36,,,0,70,,6433,36,,,0,30,,6434,36,,,0,70,,6435,36,,,0,30,,6436,36,,,0,70,,6437,36,,,0,30,,6438,36,,,0,70,,6439,36,,,0,30,,6440,36,,,0,71,,6441,36,,,0,29,,6447,36,,,0,75,,6442,36,,,0,45,,6443,36,,,0,85,,6444,36,,,0,70,,6445,36,,,0,100,,6446,36,,,0
1001,'Sunday-01',829,,6448,36,,,0,100,,6449,36,,,0,100,,6450,36,,,0,100,,6451,36,,,0,100,,6452,36,,,0,100,,6453,36,,,0,100,,6454,36,,,0,100,,6455,36,,,0,100,,6456,36,,,0,100,,6457,36,,,0,100,,6458,36,,,0
1001,'Weekday-01',608,,6490,6,,,0,30,,6477,47,,,0,70,,6478,47,,,0,30,,6479,47,,,0,70,,6480,47,,,0,30,,6481,47,,,0,70,,6482,47,,,0,31,,6459,36,,,0,70,,6460,36,,,0,30,,6461,36,,,0,70,,6462,36,,,0,30,,6463,36,,,0,70,,6464,36,,,0,30,,6465,36,,,0,70,,6466,36,,,0,30,,6467,36,,,0,70,,6468,36,,,0,30,,6469,36,,,0,70,,6470,36,,,0,30,,6471,36,,,0,69,,6483,47,,,0,30,,6484,47,,,0,70,,6485,47,,,0,30,,6486,47,,,0,70,,6487,47,,,0,21,,6488,47,,,0,30,,6491,47,,,0,55,,6472,36,,,0,45,,6473,36,,,0,85,,6474,36,,,0,70,,6475,36,,,0,100,,6476,36,,,0
1201,'Saturday-01',643,,6564,37,,,0,100,,6565,37,,,0,100,,6566,37,,,0,70,,6570,47,,,0,30,,6571,47,,,0,70,,6572,47,,,0,30,,6573,47,,,0,70,,6574,47,,,0,30,,6575,47,,,0,70,,6576,47,,,0,30,,6577,47,,,0,70,,6578,47,,,0,30,,6579,47,,,0,70,,6580,47,,,0,30,,6581,47,,,0,70,,6582,47,,,0,30,,6583,47,,,0,70,,6584,47,,,0,30,,6585,47,,,0,70,,6586,47,,,0,30,,6569,47,,,0,70,,6568,47,,,0,100,,6567,34,,,0,100,,6590,34,,,0,100,,6591,34,,,0,100,,6587,34,,,0,100,,6588,34,,,0,100,,6589,34,,,0
1201,'Sunday-01',828,,6592,37,,,0,100,,6593,37,,,0,100,,6594,37,,,0,100,,6595,37,,,0,100,,6596,37,,,0,100,,6597,37,,,0,100,,6598,37,,,0,100,,6599,37,,,0,100,,6600,37,,,0,100,,6601,37,,,0,100,,6602,37,,,0
1201,'Weekday-01',643,,6628,44,,,0,70,,6629,44,,,0,30,,6630,44,,,0,70,,6631,44,,,0,30,,6632,44,,,0,70,,6609,47,,,0,30,,6620,47,,,0,70,,6621,47,,,0,30,,6622,47,,,0,70,,6623,47,,,0,30,,6624,47,,,0,70,,6625,47,,,0,30,,6626,47,,,0,70,,6627,47,,,0,30,,6610,47,,,0,70,,6611,47,,,0,30,,6612,47,,,0,70,,6613,47,,,0,30,,6619,47,,,0,70,,6614,47,,,0,30,,6615,47,,,0,70,,6616,47,,,0,30,,6617,47,,,0,70,,6618,47,,,0,30,,6634,47,,,0,70,,6603,34,,,0,100,,6604,34,,,0,100,,6605,34,,,0,100,,6606,34,,,0,100,,6607,34,,,0,100,,6608,34,,,0
2400,'Weekday-01',600,,6963,6,,,0,20,,6964,6,,,0,20,,6965,6,,,0,60,,6966,6,,,0,20,,6967,6,,,0,20,,6968,6,,,0,60,,6969,6,,,0,20,,6970,6,,,0,20,,6971,6,,,0,60,,6972,6,,,0,700,,6973,6,,,0,40,,6974,6,,,0,80,,6975,6,,,0,80,,6976,6,,,0,40,,6977,6,,,0,80,,6978,6,,,0,80,,6979,6,,,0,40,,6980,6,,,0,60,,6981,6,,,0,20,,6982,6,,,0,20,,6983,6,,,0,60,,6984,6,,,0,20,,6985,6,,,0,20,,6986,6,,,0,60,,6987,6,,,0,20,,6988,6,,,0,20,,6989,6,,,0,60,,6990,6,,,0,20,,6991,6,,,0
3001,'Weekday-01',731,,7046,6,,,0,70,,7040,6,,,0,30,,7047,6,,,0,70,,7048,6,,,0,30,,7049,6,,,0,70,,7050,6,,,0,30,,7041,6,,,0,70,,7042,6,,,0,30,,7051,6,,,0,78,,7052,6,,,0,30,,7053,6,,,0,70,,7054,6,,,0,30,,7055,6,,,0,70,,7043,6,,,0,30,,7056,6,,,0,70,,7057,6,,,0,30,,7058,6,,,0,70,,7059,6,,,0,30,,7044,6,,,0,70,,7045,6,,,0,30,,7060,6,,,0
5001,'Saturday-01',634,,7335,16,,,0,100,,7336,16,,,0,100,,7337,16,,,0,100,,7338,16,,,0,70,,7339,16,,,0,30,,7340,16,,,0,70,,7341,16,,,0,30,,7342,16,,,0,70,,7343,16,,,0,30,,7344,16,,,0,70,,7345,16,,,0,30,,7346,16,,,0,70,,7347,16,,,0,30,,7348,16,,,0,70,,7349,16,,,0,30,,7350,16,,,0,70,,7351,16,,,0,30,,7352,16,,,0,70,,7353,16,,,0,30,,7354,16,,,0,70,,7355,16,,,0,30,,7356,16,,,0,70,,7357,16,,,0,30,,7358,16,,,0,70,,7359,16,,,0,30,,7360,16,,,0,70,,7361,16,,,0,39,,7332,16,,,0,101,,7333,16,,,0,100,,7334,16,,,0
5001,'Sunday-01',929,,7362,16,,,0,100,,7363,16,,,0,100,,7364,16,,,0,30,,7365,16,,,0,70,,7366,16,,,0,30,,7367,16,,,0,70,,7368,16,,,0,30,,7369,16,,,0,70,,7370,16,,,0,30,,7371,16,,,0,70,,7372,16,,,0,30,,7373,16,,,0,70,,7374,16,,,0,30,,7375,16,,,0,70,,7376,16,,,0,30,,7377,16,,,0
5001,'Weekday-01',634,,7381,16,,,0,70,,7382,16,,,0,30,,7383,16,,,0,70,,7384,16,,,0,30,,7385,16,,,0,70,,7386,16,,,0,30,,7387,16,,,0,70,,7388,16,,,0,30,,7389,16,,,0,70,,7390,16,,,0,30,,7391,16,,,0,70,,7392,16,,,0,30,,7393,16,,,0,70,,7394,16,,,0,30,,7395,16,,,0,70,,7396,16,,,0,30,,7397,16,,,0,70,,7398,16,,,0,30,,7399,16,,,0,70,,7400,16,,,0,30,,7401,16,,,0,70,,7402,16,,,0,30,,7403,16,,,0,70,,7404,16,,,0,30,,7405,16,,,0,70,,7406,16,,,0,30,,7407,16,,,0,70,,7408,16,,,0,30,,7409,16,,,0,70,,7410,16,,,0,39,,7378,16,,,0,101,,7379,16,,,0,100,,7380,16,,,0
6001,'Saturday-01',654,,7491,33,,,0,80,,7492,33,,,0,80,,7493,33,,,0,40,,7494,33,,,0,80,,7495,33,,,0,80,,7496,33,,,0,40,,7497,33,,,0,80,,7498,33,,,0,80,,7499,33,,,0,40,,7500,33,,,0,80,,7501,33,,,0,80,,7502,33,,,0,40,,7503,33,,,0,80,,7504,33,,,0,80,,7505,33,,,0,40,,7506,33,,,0,80,,7507,33,,,0,80,,7508,33,,,0,40,,7509,33,,,0,80,,7510,33,,,0,80,,7511,33,,,0,40,,7512,33,,,0,80,,7513,33,,,0,80,,7514,33,,,0,40,,7515,33,,,0,80,,7516,33,,,0,80,,7517,33,,,0
6001,'Sunday-01',829,,7520,33,,,0,80,,7521,33,,,0,40,,7522,33,,,0,80,,7523,33,,,0,80,,7524,33,,,0,40,,7525,33,,,0,80,,7526,33,,,0,80,,7527,33,,,0,40,,7528,33,,,0,80,,7529,33,,,0,80,,7530,33,,,0,40,,7531,33,,,0,80,,7532,33,,,0,80,,7533,33,,,0,40,,7534,33,,,0,80,,7535,33,,,0
6001,'Weekday-01',629,,7538,33,,,0,25,,7539,33,,,0,65,,7540,33,,,0,25,,7541,33,,,0,65,,7542,33,,,0,35,,7543,33,,,0,15,,7544,33,,,0,65,,7545,33,,,0,35,,7546,33,,,0,80,,7547,33,,,0,80,,7548,33,,,0,40,,7549,33,,,0,80,,7550,33,,,0,80,,7551,33,,,0,40,,7552,33,,,0,90,,7553,33,,,0,65,,7554,33,,,0,25,,7555,33,,,0,65,,7556,33,,,0,25,,7557,33,,,0,25,,7558,33,,,0,65,,7559,33,,,0,25,,7560,33,,,0,65,,7561,33,,,0,25,,7562,33,,,0,25,,7563,33,,,0,65,,7564,33,,,0,25,,7565,33,,,0,75,,7566,33,,,0,15,,7567,33,,,0,65,,7568,33,,,0,40,,7569,33,,,0,80,,7570,33,,,0,80,,7571,33,,,0,40,,7572,33,,,0,70,,7573,33,,,0
