100,'Saturday-01',613,,5048,25,0,5,0,30,,5049,25,0,5,0,100,,5054,25,0,5,0,70,,5055,25,0,5,0,30,,5056,25,0,5,0,70,,5057,25,0,5,0,30,,5058,25,0,5,0,70,,5059,25,0,5,0,30,,5060,25,0,5,0,70,,5061,25,0,5,0,30,,5062,25,0,5,0,70,,5050,25,0,5,0,30,,5051,25,0,5,0,70,,5071,25,0,5,0,30,,5072,25,0,5,0,60,,5052,25,0,5,0,30,,5053,25,0,5,0,70,,5067,25,0,5,0,30,,5068,25,0,5,0,70,,5069,25,0,5,0,30,,5070,25,0,5,0,70,,5073,25,0,5,0,30,,5074,25,0,5,0,70,,5075,25,0,5,0,109,,5063,54,0,5,0,30,,5064,54,0,5,0,70,,5076,54,0,5,0,43,,5077,54,0,5,0,70,,5065,54,0,5,0,95,,5078,54,0,5,0,84,,5079,54,0,5,0,19,,5080,54,0,5,0,104,,5066,54,0,5,0
100,'Sunday-01',810,,5085,54,0,5,0,100,,5086,54,0,5,0,100,,5087,54,0,5,0,100,,5088,54,0,5,0,100,,5090,54,0,5,0,100,,5091,54,0,5,0,105,,5092,54,0,5,0,100,,5093,54,0,5,0,105,,5094,54,0,5,0,100,,5089,54,0,5,0,106,,5083,54,0,5,0
100,'Weekday-01',612,,5106,25,0,8,0,10,,5132,25,0,8,0,5,,5107,25,0,8,0,15,,5108,25,0,8,0,15,,5109,25,0,8,0,60,,5095,25,0,5,0,15,,5112,25,0,8,0,15,,5096,25,0,5,0,60,,5097,25,0,5,0,20,,5098,25,0,5,0,30,,5099,25,0,5,0,60,,5100,25,0,5,0,20,,5101,25,0,5,0,75,,5117,27,0,5,0,30,,5118,27,0,5,0,70,,5119,27,0,5,0,30,,5120,27,0,5,0,70,,5113,27,0,8,0,30,,5114,27,0,8,0,70,,5110,25,0,8,0,30,,5111,25,0,8,0,70,,5115,27,0,8,0,30,,5116,27,0,8,0,70,,5139,27,0,8,0,10,,5133,25,0,8,0,20,,5121,27,0,5,0,10,,5134,25,0,8,0,60,,5122,27,0,5,0,10,,5135,25,0,8,0,15,,5102,25,0,5,0,15,,5136,25,0,8,0,55,,5103,25,0,5,0,15,,5137,25,0,8,0,15,,5104,25,0,5,0,70,,5138,25,0,8,0,20,,5105,25,0,5,0,30,,5123,54,0,5,0,70,,5124,54,0,5,0,76,,5140,54,0,8,0,10,,5127,54,0,8,0,34,,5128,54,0,8,0,70,,5129,54,0,8,0,100,,5130,54,0,8,0,20,,5131,54,0,8,0,100,,5125,54,0,5,0,89,,5126,54,0,5,0
501,'Saturday-01',657,,5818,39,,,0,100,,5819,39,,,0,100,,5820,39,,,0,100,,5821,39,,,0,100,,5822,39,,,0,100,,5823,39,,,0,100,,5824,39,,,0,100,,5825,39,,,0,100,,5826,39,,,0,100,,5827,39,,,0,100,,5828,39,,,0,100,,5829,39,,,0
501,'Weekday-01',607,,5832,39,,,0,30,,5833,39,,,0,70,,5836,39,,,0,30,,5837,39,,,0,70,,5838,39,,,0,35,,5834,43,,,0,65,,5839,39,,,0,50,,5840,39,,,0,100,,5841,39,,,0,100,,5842,39,,,0,100,,5843,39,,,0,100,,5844,39,,,0,100,,5845,39,,,0,150,,5846,39,,,0,30,,5835,39,,,0,70,,5847,39,,,0,30,,5848,39,,,0
800,'Saturday-01',641,,6054,49,,,0,100,,6055,49,,,0,100,,6056,49,,,0,70,,6059,49,,,0,30,,6060,49,,,0,70,,6061,49,,,0,30,,6062,49,,,0,70,,6063,49,,,0,30,,6064,49,,,0,70,,6065,49,,,0,30,,6066,49,,,0,70,,6067,49,,,0,30,,6068,49,,,0,70,,6069,49,,,0,30,,6058,49,,,0,70,,6057,49,,,0,30,,6076,49,,,0,70,,6075,49,,,0,30,,6074,49,,,0,70,,6073,49,,,0,30,,6072,49,,,0,70,,6070,49,,,0,100,,6071,49,,,0,100,,6077,49,,,0,100,,6078,49,,,0
800,'Sunday-01',826,,6079,49,,,0,100,,6080,49,,,0,100,,6081,49,,,0,100,,6082,49,,,0,100,,6083,49,,,0,100,,6084,49,,,0,100,,6085,49,,,0,100,,6086,49,,,0,100,,6087,49,,,0,100,,6088,49,,,0,100,,6089,49,,,0
800,'Weekday-01',541,,6114,49,,,0,75,,6115,49,,,0,35,,6113,49,,,0,75,,6112,49,,,0,75,,6090,49,,,0,35,,6091,49,,,0,75,,6092,49,,,0,35,,6093,49,,,0,75,,6094,49,,,0,35,,6095,49,,,0,75,,6096,49,,,0,75,,6097,49,,,0,35,,6098,49,,,0,75,,6099,49,,,0,35,,6100,49,,,0,75,,6101,49,,,0,75,,6102,49,,,0,35,,6103,49,,,0,75,,6104,49,,,0,35,,6105,49,,,0,75,,6106,49,,,0,35,,6107,49,,,0,75,,6108,49,,,0,110,,6109,49,,,0,110,,6110,49,,,0,150,,6111,49,,,0
901,'Saturday-01',642,,6264,33,,,0,70,,6265,33,,,0,30,,6266,33,,,0,70,,6267,33,,,0,30,,6268,33,,,0,70,,6269,33,,,0,30,,6270,33,,,0,70,,6271,33,,,0,30,,6272,33,,,0,70,,6273,33,,,0,30,,6274,33,,,0,70,,6275,33,,,0,30,,6276,33,,,0,70,,6277,33,,,0,30,,6278,33,,,0,70,,6279,33,,,0,30,,6280,33,,,0,70,,6281,33,,,0,30,,6282,33,,,0,70,,6283,33,,,0,30,,6284,33,,,0,70,,6285,33,,,0,30,,6286,33,,,0,70,,6287,33,,,0,46,,6288,33,,,0,85,,6289,33,,,0,85,,6290,33,,,0,30,,6291,33,,,0,85,,6292,33,,,0,100,,6293,33,,,0,100,,6294,33,,,0
901,'Sunday-01',812,,6313,33,,,0,30,,6303,33,,,0,70,,6314,33,,,0,30,,6304,33,,,0,70,,6315,33,,,0,30,,6305,33,,,0,70,,6295,33,,,0,30,,6306,33,,,0,70,,6296,33,,,0,30,,6307,33,,,0,70,,6297,33,,,0,30,,6308,33,,,0,70,,6298,33,,,0,30,,6309,33,,,0,70,,6299,33,,,0,30,,6310,33,,,0,70,,6300,33,,,0,30,,6311,33,,,0,70,,6301,33,,,0,30,,6312,33,,,0,70,,6302,33,,,0
901,'Weekday-01',607,,6316,33,,,0,30,,6317,33,,,0,70,,6318,33,,,0,30,,6319,33,,,0,70,,6320,33,,,0,36,,6321,33,,,0,69,,6322,33,,,0,30,,6323,33,,,0,70,,6324,33,,,0,30,,6325,33,,,0,70,,6326,33,,,0,30,,6327,33,,,0,70,,6328,33,,,0,30,,6329,33,,,0,70,,6330,33,,,0,30,,6331,33,,,0,70,,6332,33,,,0,30,,6333,33,,,0,70,,6334,33,,,0,15,,6335,33,,,0,15,,6336,33,,,0,15,,6337,33,,,0,55,,6338,33,,,0,15,,6339,33,,,0,15,,6340,33,,,0,15,,6341,33,,,0,55,,6342,33,,,0,30,,6343,33,,,0,70,,6344,33,,,0,45,,6345,33,,,0,86,,6346,33,,,0,85,,6347,33,,,0,30,,6348,33,,,0,85,,6349,33,,,0,100,,6350,33,,,0,100,,6351,33,,,0
1001,'Saturday-01',637,,6420,35,,,0,100,,6421,35,,,0,100,,6422,35,,,0,70,,6423,35,,,0,30,,6424,35,,,0,70,,6425,35,,,0,30,,6426,35,,,0,70,,6427,35,,,0,30,,6428,35,,,0,70,,6429,35,,,0,30,,6430,35,,,0,70,,6431,35,,,0,30,,6432,35,,,0,70,,6433,35,,,0,30,,6434,35,,,0,70,,6435,35,,,0,30,,6436,35,,,0,70,,6437,35,,,0,30,,6438,35,,,0,70,,6439,35,,,0,30,,6440,35,,,0,71,,6441,35,,,0,29,,6447,35,,,0,74,,6442,35,,,0,45,,6443,35,,,0,86,,6444,35,,,0,70,,6445,35,,,0,99,,6446,35,,,0
1001,'Sunday-01',826,,6448,35,,,0,100,,6449,35,,,0,100,,6450,35,,,0,100,,6451,35,,,0,100,,6452,35,,,0,100,,6453,35,,,0,100,,6454,35,,,0,100,,6455,35,,,0,100,,6456,35,,,0,100,,6457,35,,,0,100,,6458,35,,,0
1001,'Weekday-01',604,,6490,5,,,0,30,,6477,46,,,0,70,,6478,46,,,0,30,,6479,46,,,0,70,,6480,46,,,0,30,,6481,46,,,0,70,,6482,46,,,0,33,,6459,35,,,0,70,,6460,35,,,0,30,,6461,35,,,0,70,,6462,35,,,0,30,,6463,35,,,0,70,,6464,35,,,0,30,,6465,35,,,0,70,,6466,35,,,0,30,,6467,35,,,0,70,,6468,35,,,0,30,,6469,35,,,0,70,,6470,35,,,0,30,,6471,35,,,0,67,,6483,46,,,0,30,,6484,46,,,0,70,,6485,46,,,0,30,,6486,46,,,0,70,,6487,46,,,0,23,,6488,46,,,0,30,,6491,46,,,0,54,,6472,35,,,0,45,,6473,35,,,0,86,,6474,35,,,0,70,,6475,35,,,0,99,,6476,35,,,0
2400,'Weekday-01',559,,6963,5,,,0,60,,6964,5,,,0,20,,6965,5,,,0,20,,6966,5,,,0,60,,6967,5,,,0,20,,6968,5,,,0,20,,6969,5,,,0,60,,6970,5,,,0,20,,6971,5,,,0,20,,6972,5,,,0,700,,6973,5,,,0,80,,6974,5,,,0,80,,6975,5,,,0,40,,6976,5,,,0,80,,6977,5,,,0,80,,6978,5,,,0,40,,6979,5,,,0,80,,6980,5,,,0,20,,6981,5,,,0,60,,6982,5,,,0,20,,6983,5,,,0,20,,6984,5,,,0,60,,6985,5,,,0,20,,6986,5,,,0,20,,6987,5,,,0,60,,6988,5,,,0,20,,6989,5,,,0,20,,6990,5,,,0,60,,6991,5,,,0
6001,'Saturday-01',653,,7491,32,,,0,80,,7492,32,,,0,80,,7493,32,,,0,40,,7494,32,,,0,80,,7495,32,,,0,80,,7496,32,,,0,40,,7497,32,,,0,80,,7498,32,,,0,80,,7499,32,,,0,40,,7500,32,,,0,80,,7501,32,,,0,80,,7502,32,,,0,40,,7503,32,,,0,80,,7504,32,,,0,80,,7505,32,,,0,40,,7506,32,,,0,80,,7507,32,,,0,80,,7508,32,,,0,40,,7509,32,,,0,80,,7510,32,,,0,80,,7511,32,,,0,40,,7512,32,,,0,80,,7513,32,,,0,80,,7514,32,,,0,40,,7515,32,,,0,80,,7516,32,,,0,80,,7517,32,,,0
6001,'Sunday-01',828,,7520,32,,,0,80,,7521,32,,,0,40,,7522,32,,,0,80,,7523,32,,,0,80,,7524,32,,,0,40,,7525,32,,,0,80,,7526,32,,,0,80,,7527,32,,,0,40,,7528,32,,,0,80,,7529,32,,,0,80,,7530,32,,,0,40,,7531,32,,,0,80,,7532,32,,,0,80,,7533,32,,,0,40,,7534,32,,,0,80,,7535,32,,,0
6001,'Weekday-01',628,,7538,32,,,0,25,,7539,32,,,0,65,,7540,32,,,0,25,,7541,32,,,0,65,,7542,32,,,0,35,,7543,32,,,0,15,,7544,32,,,0,65,,7545,32,,,0,35,,7546,32,,,0,80,,7547,32,,,0,80,,7548,32,,,0,40,,7549,32,,,0,80,,7550,32,,,0,80,,7551,32,,,0,40,,7552,32,,,0,90,,7553,32,,,0,65,,7554,32,,,0,25,,7555,32,,,0,65,,7556,32,,,0,25,,7557,32,,,0,25,,7558,32,,,0,65,,7559,32,,,0,25,,7560,32,,,0,65,,7561,32,,,0,25,,7562,32,,,0,25,,7563,32,,,0,65,,7564,32,,,0,25,,7565,32,,,0,75,,7566,32,,,0,15,,7567,32,,,0,65,,7568,32,,,0,40,,7569,32,,,0,80,,7570,32,,,0,80,,7571,32,,,0,40,,7572,32,,,0,70,,7573,32,,,0
