201,'Saturday-01',638,,5335,32,,,0,70,,5336,32,,,0,30,,5337,32,,,0,70,,5338,32,,,0,30,,5339,32,,,0,70,,5340,32,,,0,30,,5341,32,,,0,70,,5342,32,,,0,30,,5343,32,,,0,70,,5344,32,,,0,30,,5345,32,,,0,70,,5346,32,,,0,30,,5347,32,,,0,70,,5348,32,,,0,30,,5349,32,,,0,70,,5350,32,,,0,30,,5351,32,,,0,70,,5352,32,,,0,30,,5353,32,,,0,70,,5354,32,,,0,30,,5355,32,,,0,70,,5356,32,,,0,30,,5357,32,,,0,70,,5358,32,,,0,30,,5359,32,,,0,70,,5360,32,,,0,30,,5361,32,,,0,70,,5362,32,,,0,30,,5363,32,,,0,70,,5364,32,,,0,99,,5365,32,,,0,100,,5366,32,,,0,100,,5367,32,,,0
201,'Sunday-01',824,,5368,32,,,0,30,,5369,32,,,0,70,,5370,32,,,0,30,,5371,32,,,0,70,,5372,32,,,0,30,,5373,32,,,0,70,,5374,32,,,0,30,,5375,32,,,0,70,,5376,32,,,0,30,,5377,32,,,0,70,,5378,32,,,0,30,,5379,32,,,0,70,,5380,32,,,0,30,,5381,32,,,0,70,,5382,32,,,0,30,,5383,32,,,0,70,,5384,32,,,0,30,,5385,32,,,0,70,,5386,32,,,0,30,,5387,32,,,0
201,'Weekday-01',608,,5390,32,,,0,30,,5391,32,,,0,15,,5392,32,,,0,55,,5393,32,,,0,15,,5394,32,,,0,15,,5395,32,,,0,15,,5396,32,,,0,55,,5429,32,,,0,15,,5397,32,,,0,15,,5398,32,,,0,16,,5430,32,,,0,54,,5428,32,,,0,30,,5399,32,,,0,70,,5400,32,,,0,30,,5401,32,,,0,70,,5402,32,,,0,30,,5403,32,,,0,70,,5404,32,,,0,30,,5405,32,,,0,70,,5406,32,,,0,25,,5407,32,,,0,70,,5408,32,,,0,35,,5409,32,,,0,70,,5410,32,,,0,15,,5411,32,,,0,15,,5412,32,,,0,12,,5413,32,,,0,58,,5414,32,,,0,15,,5415,32,,,0,15,,5416,32,,,0,15,,5417,32,,,0,55,,5418,32,,,0,30,,5419,32,,,0,70,,5420,32,,,0,30,,5421,32,,,0,70,,5422,32,,,0,30,,5423,32,,,0,70,,5424,32,,,0,30,,5425,32,,,0,70,,5426,32,,,0,30,,5427,32,,,0,70,,5431,32,,,0,30,,5432,32,,,0,70,,5433,32,,,0,30,,5434,32,,,0,70,,5435,32,,,0
301,'Saturday-01',702,,5554,10,,,0,30,,5531,10,,,0,70,,5532,10,,,0,30,,5533,10,,,0,70,,5534,10,,,0,30,,5535,10,,,0,70,,5536,10,,,0,30,,5537,10,,,0,70,,5538,10,,,0,30,,5555,10,,,0,70,,5539,10,,,0,30,,5556,10,,,0,70,,5557,10,,,0,30,,5558,10,,,0,70,,5559,10,,,0,30,,5540,10,,,0,70,,5541,10,,,0,30,,5560,10,,,0,70,,5542,10,,,0,30,,5543,10,,,0,70,,5544,10,,,0,30,,5545,10,,,0,70,,5561,10,,,0,31,,5562,10,,,0,79,,5546,9,,,0,30,,5547,9,,,0,70,,5548,9,,,0,30,,5549,9,,,0,70,,5550,9,,,0,100,,5551,9,,,0,100,,5552,9,,,0,100,,5553,9,,,0
301,'Sunday-01',825,,5563,10,,,0,30,,5574,10,,,0,70,,5575,10,,,0,30,,5576,10,,,0,70,,5577,10,,,0,30,,5578,10,,,0,70,,5579,10,,,0,30,,5580,10,,,0,70,,5581,10,,,0,30,,5582,10,,,0,70,,5583,10,,,0,30,,5564,10,,,0,70,,5565,10,,,0,30,,5566,10,,,0,70,,5567,10,,,0,30,,5568,10,,,0,70,,5569,10,,,0,30,,5570,10,,,0,70,,5571,10,,,0,30,,5572,10,,,0,70,,5573,10,,,0
301,'Weekday-01',557,,5584,10,,,0,70,,5585,10,,,0,30,,5586,10,,,0,55,,5587,10,,,0,15,,5588,10,,,0,15,,5589,10,,,0,15,,5590,10,,,0,55,,5591,10,,,0,15,,5592,10,,,0,30,,5593,10,,,0,70,,5594,10,,,0,30,,5595,10,,,0,70,,5596,10,,,0,30,,5597,10,,,0,70,,5598,10,,,0,30,,5599,10,,,0,70,,5600,10,,,0,30,,5601,10,,,0,70,,5602,10,,,0,30,,5603,10,,,0,70,,5604,10,,,0,30,,5605,10,,,0,55,,5606,10,,,0,15,,5607,10,,,0,15,,5608,10,,,0,15,,5609,10,,,0,70,,5610,10,,,0,15,,5611,10,,,0,15,,5612,10,,,0,55,,5613,10,,,0,30,,5614,10,,,0,70,,5615,9,,,0,30,,5616,9,,,0,70,,5617,9,,,0,30,,5618,9,,,0,70,,5619,9,,,0,30,,5620,9,,,0,70,,5621,9,,,0,30,,5625,9,,,0,70,,5624,10,,,0,100,,5622,9,,,0,100,,5623,9,,,0
1201,'Saturday-01',640,,6564,35,,,0,100,,6565,35,,,0,100,,6566,35,,,0,70,,6570,45,,,0,30,,6571,45,,,0,70,,6572,45,,,0,30,,6573,45,,,0,70,,6574,45,,,0,30,,6575,45,,,0,70,,6576,45,,,0,30,,6577,45,,,0,70,,6578,45,,,0,30,,6579,45,,,0,70,,6580,45,,,0,30,,6581,45,,,0,70,,6582,45,,,0,30,,6583,45,,,0,70,,6584,45,,,0,30,,6585,45,,,0,70,,6586,45,,,0,30,,6569,45,,,0,70,,6568,45,,,0,100,,6567,32,,,0,100,,6590,32,,,0,100,,6591,32,,,0,100,,6587,32,,,0,100,,6588,32,,,0,100,,6589,32,,,0
1201,'Sunday-01',825,,6592,35,,,0,100,,6593,35,,,0,100,,6594,35,,,0,100,,6595,35,,,0,100,,6596,35,,,0,100,,6597,35,,,0,100,,6598,35,,,0,100,,6599,35,,,0,100,,6600,35,,,0,100,,6601,35,,,0,100,,6602,35,,,0
1201,'Weekday-01',640,,6628,42,,,0,70,,6629,42,,,0,30,,6630,42,,,0,70,,6631,42,,,0,30,,6632,42,,,0,70,,6609,45,,,0,30,,6620,45,,,0,70,,6621,45,,,0,30,,6622,45,,,0,70,,6623,45,,,0,30,,6624,45,,,0,70,,6625,45,,,0,30,,6626,45,,,0,70,,6627,45,,,0,30,,6610,45,,,0,70,,6611,45,,,0,30,,6612,45,,,0,70,,6613,45,,,0,30,,6619,45,,,0,70,,6614,45,,,0,30,,6615,45,,,0,70,,6616,45,,,0,30,,6617,45,,,0,70,,6618,45,,,0,30,,6634,45,,,0,70,,6603,32,,,0,100,,6604,32,,,0,100,,6605,32,,,0,100,,6606,32,,,0,100,,6607,32,,,0,100,,6608,32,,,0
3001,'Weekday-01',730,,7046,5,,,0,70,,7040,5,,,0,30,,7047,5,,,0,70,,7048,5,,,0,30,,7049,5,,,0,70,,7050,5,,,0,30,,7041,5,,,0,70,,7042,5,,,0,30,,7051,5,,,0,77,,7052,5,,,0,30,,7053,5,,,0,70,,7054,5,,,0,30,,7055,5,,,0,70,,7043,5,,,0,30,,7056,5,,,0,70,,7057,5,,,0,30,,7058,5,,,0,70,,7059,5,,,0,30,,7044,5,,,0,70,,7045,5,,,0,30,,7060,5,,,0
