100,'Saturday-01',619,,5048,30,0,5,0,30,,5049,30,0,5,0,100,,5054,30,0,5,0,70,,5055,30,0,5,0,30,,5056,30,0,5,0,70,,5057,30,0,5,0,30,,5058,30,0,5,0,70,,5059,30,0,5,0,30,,5060,30,0,5,0,70,,5061,30,0,5,0,30,,5062,30,0,5,0,55,,5082,4,0,5,0,15,,5050,30,0,5,0,30,,5051,30,0,5,0,70,,5071,30,0,5,0,30,,5072,30,0,5,0,60,,5052,30,0,5,0,30,,5053,30,0,5,0,70,,5067,30,0,5,0,30,,5068,30,0,5,0,70,,5069,30,0,5,0,30,,5070,30,0,5,0,70,,5073,30,0,5,0,30,,5074,30,0,5,0,70,,5075,30,0,5,0,109,,5063,59,0,5,0,30,,5064,59,0,5,0,70,,5076,59,0,5,0,83,,5077,59,0,5,0,30,,5065,59,0,5,0,95,,5078,59,0,5,0,85,,5079,59,0,5,0,18,,5080,59,0,5,0,105,,5066,59,0,5,0
100,'Sunday-01',816,,5085,59,0,5,0,100,,5086,59,0,5,0,100,,5087,59,0,5,0,100,,5088,59,0,5,0,100,,5090,59,0,5,0,100,,5091,59,0,5,0,105,,5092,59,0,5,0,100,,5093,59,0,5,0,105,,5094,59,0,5,0,100,,5089,59,0,5,0,108,,5083,59,0,5,0
100,'Weekday-01',604,,5143,4,0,5,0,15,,5106,30,0,8,0,10,,5132,30,0,8,0,5,,5107,30,0,8,0,15,,5108,30,0,8,0,55,,5109,30,0,8,0,20,,5095,30,0,5,0,15,,5112,30,0,8,0,15,,5096,30,0,5,0,60,,5097,30,0,5,0,20,,5098,30,0,5,0,70,,5099,30,0,5,0,20,,5100,30,0,5,0,20,,5101,30,0,5,0,75,,5117,32,0,5,0,30,,5118,32,0,5,0,70,,5119,32,0,5,0,30,,5120,32,0,5,0,70,,5113,32,0,8,0,30,,5114,32,0,8,0,70,,5110,30,0,8,0,30,,5111,30,0,8,0,70,,5115,32,0,8,0,30,,5116,32,0,8,0,70,,5139,32,0,8,0,10,,5133,30,0,8,0,20,,5121,32,0,5,0,10,,5134,30,0,8,0,60,,5122,32,0,5,0,10,,5135,30,0,8,0,15,,5102,30,0,5,0,15,,5136,30,0,8,0,55,,5103,30,0,5,0,15,,5137,30,0,8,0,15,,5104,30,0,5,0,70,,5138,30,0,8,0,20,,5105,30,0,5,0,70,,5123,59,0,5,0,30,,5124,59,0,5,0,75,,5140,59,0,8,0,10,,5127,59,0,8,0,35,,5128,59,0,8,0,70,,5129,59,0,8,0,100,,5130,59,0,8,0,20,,5131,59,0,8,0,100,,5125,59,0,5,0,87,,5126,59,0,5,0
201,'Saturday-01',647,,5335,38,,,0,70,,5336,38,,,0,30,,5337,38,,,0,70,,5338,38,,,0,30,,5339,38,,,0,70,,5340,38,,,0,30,,5341,38,,,0,70,,5342,38,,,0,30,,5343,38,,,0,70,,5344,38,,,0,30,,5345,38,,,0,70,,5346,38,,,0,30,,5347,38,,,0,70,,5348,38,,,0,30,,5349,38,,,0,70,,5350,38,,,0,30,,5351,38,,,0,70,,5352,38,,,0,30,,5353,38,,,0,70,,5354,38,,,0,30,,5355,38,,,0,70,,5356,38,,,0,30,,5357,38,,,0,70,,5358,38,,,0,30,,5359,38,,,0,70,,5360,38,,,0,30,,5361,38,,,0,70,,5362,38,,,0,30,,5363,38,,,0,70,,5364,38,,,0,100,,5365,38,,,0,100,,5366,38,,,0,100,,5367,38,,,0
201,'Sunday-01',833,,5368,38,,,0,70,,5369,38,,,0,30,,5370,38,,,0,70,,5371,38,,,0,30,,5372,38,,,0,70,,5373,38,,,0,30,,5374,38,,,0,70,,5375,38,,,0,30,,5376,38,,,0,70,,5377,38,,,0,30,,5378,38,,,0,70,,5379,38,,,0,30,,5380,38,,,0,70,,5381,38,,,0,30,,5382,38,,,0,70,,5383,38,,,0,30,,5384,38,,,0,70,,5385,38,,,0,30,,5386,38,,,0,70,,5387,38,,,0
201,'Weekday-01',617,,5390,38,,,0,30,,5391,38,,,0,55,,5392,38,,,0,15,,5393,38,,,0,15,,5394,38,,,0,15,,5395,38,,,0,55,,5396,38,,,0,15,,5429,38,,,0,15,,5397,38,,,0,15,,5398,38,,,0,70,,5428,38,,,0,30,,5399,38,,,0,70,,5400,38,,,0,30,,5401,38,,,0,70,,5402,38,,,0,30,,5403,38,,,0,70,,5404,38,,,0,30,,5405,38,,,0,70,,5406,38,,,0,25,,5407,38,,,0,70,,5408,38,,,0,35,,5409,38,,,0,70,,5410,38,,,0,15,,5411,38,,,0,15,,5412,38,,,0,55,,5413,38,,,0,15,,5414,38,,,0,15,,5415,38,,,0,15,,5416,38,,,0,55,,5417,38,,,0,15,,5418,38,,,0,30,,5419,38,,,0,70,,5420,38,,,0,30,,5421,38,,,0,70,,5422,38,,,0,30,,5423,38,,,0,70,,5424,38,,,0,30,,5425,38,,,0,70,,5426,38,,,0,30,,5427,38,,,0,70,,5431,38,,,0,30,,5432,38,,,0,70,,5433,38,,,0,30,,5434,38,,,0,70,,5435,38,,,0
301,'Saturday-01',707,,5554,16,,,0,30,,5531,16,,,0,70,,5532,16,,,0,30,,5533,16,,,0,70,,5534,16,,,0,30,,5535,16,,,0,70,,5536,16,,,0,30,,5537,16,,,0,70,,5538,16,,,0,30,,5555,16,,,0,70,,5539,16,,,0,30,,5556,16,,,0,70,,5557,16,,,0,30,,5558,16,,,0,70,,5559,16,,,0,30,,5540,16,,,0,70,,5541,16,,,0,30,,5560,16,,,0,70,,5542,16,,,0,30,,5543,16,,,0,70,,5544,16,,,0,30,,5545,16,,,0,70,,5561,16,,,0,30,,5562,16,,,0,79,,5546,15,,,0,30,,5547,15,,,0,70,,5548,15,,,0,30,,5549,15,,,0,70,,5550,15,,,0,100,,5551,15,,,0,100,,5552,15,,,0,100,,5553,15,,,0
301,'Sunday-01',832,,5563,16,,,0,70,,5574,16,,,0,30,,5575,16,,,0,70,,5576,16,,,0,30,,5577,16,,,0,70,,5578,16,,,0,30,,5579,16,,,0,70,,5580,16,,,0,30,,5581,16,,,0,70,,5582,16,,,0,30,,5583,16,,,0,70,,5564,16,,,0,30,,5565,16,,,0,70,,5566,16,,,0,30,,5567,16,,,0,70,,5568,16,,,0,30,,5569,16,,,0,70,,5570,16,,,0,30,,5571,16,,,0,70,,5572,16,,,0,30,,5573,16,,,0
301,'Weekday-01',602,,5584,16,,,0,30,,5585,16,,,0,70,,5586,16,,,0,15,,5587,16,,,0,15,,5588,16,,,0,15,,5589,16,,,0,55,,5590,16,,,0,15,,5591,16,,,0,15,,5592,16,,,0,70,,5593,16,,,0,30,,5594,16,,,0,70,,5595,16,,,0,30,,5596,16,,,0,70,,5597,16,,,0,30,,5598,16,,,0,70,,5599,16,,,0,30,,5600,16,,,0,70,,5601,16,,,0,30,,5602,16,,,0,70,,5603,16,,,0,30,,5604,16,,,0,70,,5605,16,,,0,15,,5606,16,,,0,15,,5607,16,,,0,15,,5608,16,,,0,55,,5609,16,,,0,30,,5610,16,,,0,15,,5611,16,,,0,55,,5612,16,,,0,15,,5613,16,,,0,30,,5614,16,,,0,70,,5615,15,,,0,30,,5616,15,,,0,70,,5617,15,,,0,30,,5618,15,,,0,70,,5619,15,,,0,30,,5620,15,,,0,70,,5621,15,,,0,30,,5625,15,,,0,70,,5624,16,,,0,100,,5622,15,,,0,100,,5623,15,,,0
500,'Saturday-01',702,,5788,4,,,0,100,,5789,4,,,0,100,,5790,4,,,0,100,,5791,4,,,0,100,,5792,4,,,0,100,,5793,4,,,0,100,,5794,4,,,0,100,,5795,4,,,0,100,,5796,4,,,0,100,,5797,4,,,0,100,,5798,4,,,0,100,,5799,4,,,0
500,'Weekday-01',612,,5801,4,,,0,30,,5802,4,,,0,70,,5803,4,,,0,30,,5804,4,,,0,70,,5805,4,,,0,90,,5806,4,,,0,100,,5807,4,,,0,100,,5808,4,,,0,100,,5809,4,,,0,100,,5810,4,,,0,100,,5811,4,,,0,100,,5812,4,,,0,110,,5813,4,,,0,30,,5814,4,,,0,70,,5815,4,,,0,35,,5816,4,,,0
