100,60,1,0,0
100,61,2,0,0
100,62,3,0,0
100,63,4,0,0
100,64,5,0,0
100,65,6,0,0
100,66,7,0,0
100,67,8,0,0
100,68,9,0,0
100,69,10,0,0
100,70,11,0,0
100,71,12,0,0
100,72,13,0,0
100,73,14,0,0
100,74,15,0,0
100,75,16,0,0
100,76,17,0,0
100,77,18,0,0
100,78,19,0,0
100,79,20,0,0
100,80,21,0,0
100,81,22,0,0
100,82,23,0,0
100,83,24,0,0
100,84,25,0,0
100,85,26,0,0
100,86,27,0,0
100,87,28,0,0
100,59,29,0,0
100,89,30,0,0
100,90,31,0,0
100,91,32,0,0
100,92,33,0,0
100,93,34,0,0
100,94,35,0,0
100,1434,36,0,0
100,1272,37,0,0
100,1435,38,0,0
100,96,39,0,0
100,97,40,0,0
100,98,41,0,0
100,99,42,0,0
100,1231,43,0,0
100,1232,44,0,0
100,101,45,0,0
100,102,46,0,0
100,103,47,0,0
100,104,48,0,0
100,105,49,0,0
100,106,50,0,0
100,109,51,0,0
100,110,52,0,0
100,111,53,0,0
100,112,54,0,0
100,1362,55,0,0
100,1547,56,0,0
100,4002,57,0,0
100,1356,58,0,0
100,1360,59,0,0
100,118,60,0,0
100,119,61,0,0
100,121,62,0,0
100,124,63,0,0
100,125,64,0,0
100,127,65,0,0
100,130,66,0,0
100,132,67,0,0
100,134,68,0,0
100,136,69,0,0
100,137,70,0,0
100,139,71,0,0
100,142,72,0,0
100,143,73,0,0
100,2,74,0,0
100,1646,75,0,0
100,1647,76,0,0
100,1648,77,0,0
100,1669,78,1,1
101,1669,1,0,0
101,1646,2,0,0
101,1647,3,0,0
101,1648,4,0,0
101,2,5,0,0
101,4,6,0,0
101,7,7,0,0
101,8,8,0,0
101,10,9,0,0
101,13,10,0,0
101,1649,11,0,0
101,14,12,0,0
101,17,13,0,0
101,19,14,0,0
101,20,15,0,0
101,21,16,0,0
101,23,17,0,0
101,25,18,0,0
101,27,19,0,0
101,28,20,0,0
101,29,21,0,0
101,31,22,0,0
101,33,23,0,0
101,35,24,0,0
101,1273,25,0,0
101,37,26,0,0
101,360,27,0,0
101,4000,28,0,0
101,3998,29,0,0
101,41,30,0,0
101,1271,31,0,0
101,42,32,0,0
101,44,33,0,0
101,46,34,0,0
101,47,35,0,0
101,49,36,0,0
101,50,37,0,0
101,51,38,0,0
101,52,39,0,0
101,53,40,0,0
101,54,41,0,0
101,55,42,0,0
101,56,43,0,0
101,57,44,0,0
101,58,45,0,0
101,59,46,0,0
101,60,47,1,1
200,1432,1,0,0
200,1433,2,0,0
200,1256,3,0,0
200,155,4,0,0
200,156,5,0,0
200,157,6,0,0
200,158,7,0,0
200,159,8,0,0
200,160,9,0,0
200,161,10,0,0
200,162,11,0,0
200,163,12,0,0
200,164,13,0,0
200,165,14,0,0
200,59,15,0,0
200,166,16,0,0
200,167,17,0,0
200,168,18,0,0
200,170,19,0,0
200,172,20,0,0
200,173,21,0,0
200,174,22,0,0
200,175,23,0,0
200,176,24,0,0
200,178,25,0,0
200,35,26,0,0
200,1273,27,0,0
200,37,28,0,0
200,38,29,0,0
200,3998,30,0,0
200,236,31,0,0
200,237,32,0,0
200,791,33,0,0
200,792,34,0,0
200,793,35,0,0
200,794,36,0,0
200,795,37,0,0
200,796,38,0,0
200,797,39,0,0
200,798,40,0,0
200,799,41,0,0
200,800,42,0,0
200,801,43,0,0
200,802,44,0,0
200,803,45,0,0
200,804,46,0,0
200,805,47,0,0
200,806,48,0,0
200,807,49,0,0
200,808,50,0,0
200,809,51,0,0
200,810,52,0,0
200,811,53,0,0
200,812,54,0,0
200,813,55,0,0
200,814,56,0,0
200,815,57,0,0
200,816,58,0,0
200,817,59,0,0
200,818,60,0,0
200,1265,61,0,0
200,819,62,0,0
200,1032,63,0,0
200,1033,64,0,0
200,1034,65,0,0
200,1035,66,0,0
200,1036,67,0,0
200,1037,68,0,0
200,1440,69,0,0
200,1441,70,0,0
200,1442,71,0,0
200,1453,72,0,0
200,528,73,1,1
201,528,1,0,0
201,530,2,0,0
201,820,3,0,0
201,821,4,0,0
201,822,5,0,0
201,823,6,0,0
201,1443,7,0,0
201,1038,8,0,0
201,1039,9,0,0
201,1040,10,0,0
201,1041,11,0,0
201,1042,12,0,0
201,1043,13,0,0
201,1044,14,0,0
201,1045,15,0,0
201,1046,16,0,0
201,1047,17,0,0
201,1048,18,0,0
201,1049,19,0,0
201,1051,20,0,0
201,1052,21,0,0
201,1053,22,0,0
201,1054,23,0,0
201,1055,24,0,0
201,1056,25,0,0
201,1057,26,0,0
201,1059,27,0,0
201,1060,28,0,0
201,1061,29,0,0
201,1062,30,0,0
201,1063,31,0,0
201,283,32,0,0
201,284,33,0,0
201,1547,34,0,0
201,4001,35,0,0
201,1356,36,0,0
201,1360,37,0,0
201,118,38,0,0
201,181,39,0,0
201,183,40,0,0
201,185,41,0,0
201,186,42,0,0
201,187,43,0,0
201,189,44,0,0
201,191,45,0,0
201,58,46,0,0
201,59,47,0,0
201,166,48,0,0
201,193,49,0,0
201,194,50,0,0
201,195,51,0,0
201,196,52,0,0
201,197,53,0,0
201,198,54,0,0
201,199,55,0,0
201,200,56,0,0
201,201,57,0,0
201,144,58,0,0
201,145,59,0,0
201,146,60,0,0
201,147,61,0,0
201,148,62,0,0
201,149,63,0,0
201,150,64,0,0
201,151,65,0,0
201,1255,66,0,0
201,1569,67,0,0
201,1431,68,0,0
201,1541,69,0,0
201,1432,70,1,1
300,202,1,0,0
300,203,2,0,0
300,1262,3,0,0
300,204,4,0,0
300,205,5,0,0
300,206,6,0,0
300,207,7,0,0
300,208,8,0,0
300,209,9,0,0
300,210,10,0,0
300,211,11,0,0
300,212,12,0,0
300,213,13,0,0
300,214,14,0,0
300,215,15,0,0
300,216,16,0,0
300,1266,17,0,0
300,217,18,0,0
300,218,19,0,0
300,219,20,0,0
300,220,21,0,0
300,221,22,0,0
300,222,23,0,0
300,223,24,0,0
300,224,25,0,0
300,225,26,0,0
300,226,27,0,0
300,227,28,0,0
300,228,29,0,0
300,229,30,0,0
300,230,31,0,0
300,231,32,0,0
300,232,33,0,0
300,233,34,0,0
300,178,35,0,0
300,35,36,0,0
300,1273,37,0,0
300,37,38,0,0
300,38,39,0,0
300,3998,40,0,0
300,236,41,0,0
300,237,42,0,0
300,238,43,0,0
300,240,44,0,0
300,241,45,0,0
300,242,46,0,0
300,1568,47,0,0
300,247,48,0,0
300,248,49,0,0
300,249,50,0,0
300,383,51,0,0
300,384,52,0,0
300,385,53,1,1
301,385,1,0,0
301,384,2,0,0
301,270,3,0,0
301,271,4,0,0
301,1551,5,0,0
301,277,6,0,0
301,279,7,0,0
301,280,8,0,0
301,281,9,0,0
301,283,10,0,0
301,284,11,0,0
301,1547,12,0,0
301,4001,13,0,0
301,1356,14,0,0
301,1360,15,0,0
301,118,16,0,0
301,181,17,0,0
301,183,18,0,0
301,286,19,0,0
301,287,20,0,0
301,288,21,0,0
301,289,22,0,0
301,290,23,0,0
301,291,24,0,0
301,292,25,0,0
301,293,26,0,0
301,294,27,0,0
301,295,28,0,0
301,296,29,0,0
301,1227,30,0,0
301,298,31,0,0
301,299,32,0,0
301,300,33,0,0
301,301,34,0,0
301,302,35,0,0
301,303,36,0,0
301,304,37,0,0
301,305,38,0,0
301,306,39,0,0
301,307,40,0,0
301,308,41,0,0
301,1235,42,0,0
301,309,43,0,0
301,310,44,0,0
301,311,45,0,0
301,312,46,0,0
301,313,47,0,0
301,314,48,0,0
301,315,49,0,0
301,316,50,0,0
301,317,51,0,0
301,318,52,0,0
301,319,53,0,0
301,320,54,0,0
301,321,55,0,0
301,322,56,0,0
301,202,57,1,1
400,323,1,0,0
400,324,2,0,0
400,325,3,0,0
400,326,4,0,0
400,327,5,0,0
400,328,6,0,0
400,1331,7,0,0
400,329,8,0,0
400,330,9,0,0
400,331,10,0,0
400,332,11,0,0
400,333,12,0,0
400,334,13,0,0
400,335,14,0,0
400,336,15,0,0
400,1234,16,0,0
400,337,17,0,0
400,338,18,0,0
400,339,19,0,0
400,340,20,0,0
400,341,21,0,0
400,342,22,0,0
400,343,23,0,0
400,344,24,0,0
400,345,25,0,0
400,346,26,0,0
400,347,27,0,0
400,348,28,0,0
400,350,29,0,0
400,351,30,0,0
400,352,31,0,0
400,353,32,0,0
400,354,33,0,0
400,356,34,0,0
400,358,35,0,0
400,359,36,0,0
400,176,37,0,0
400,178,38,0,0
400,1367,39,0,0
400,1368,40,0,0
400,1369,41,0,0
400,112,42,0,0
400,114,43,0,0
400,1545,44,0,0
400,1542,45,0,0
400,361,46,0,0
400,362,47,0,0
400,363,48,0,0
400,364,49,0,0
400,365,50,0,0
400,366,51,0,0
400,368,52,0,0
400,369,53,0,0
400,370,54,0,0
400,372,55,0,0
400,374,56,0,0
400,375,57,0,0
400,376,58,0,0
400,377,59,0,0
400,378,60,0,0
400,1444,61,0,0
400,245,62,0,0
400,246,63,0,0
400,247,64,0,0
400,248,65,0,0
400,249,66,0,0
400,250,67,0,0
400,251,68,0,0
400,252,69,0,0
400,253,70,0,0
400,254,71,0,0
400,255,72,0,0
400,256,73,0,0
400,257,74,0,0
400,258,75,0,0
400,259,76,0,0
400,260,77,0,0
400,261,78,1,1
401,261,1,0,0
401,262,2,0,0
401,263,3,0,0
401,265,4,0,0
401,266,5,0,0
401,267,6,0,0
401,268,7,0,0
401,269,8,0,0
401,270,9,0,0
401,271,10,0,0
401,272,11,0,0
401,273,12,0,0
401,387,13,0,0
401,388,14,0,0
401,389,15,0,0
401,390,16,0,0
401,391,17,0,0
401,392,18,0,0
401,394,19,0,0
401,395,20,0,0
401,396,21,0,0
401,398,22,0,0
401,400,23,0,0
401,401,24,0,0
401,402,25,0,0
401,403,26,0,0
401,4001,27,0,0
401,1544,28,0,0
401,1355,29,0,0
401,1271,30,0,0
401,1364,31,0,0
401,1365,32,0,0
401,1366,33,0,0
401,181,34,0,0
401,405,35,0,0
401,406,36,0,0
401,407,37,0,0
401,408,38,0,0
401,410,39,0,0
401,411,40,0,0
401,412,41,0,0
401,413,42,0,0
401,414,43,0,0
401,415,44,0,0
401,416,45,0,0
401,417,46,0,0
401,419,47,0,0
401,420,48,0,0
401,421,49,0,0
401,423,50,0,0
401,425,51,0,0
401,426,52,0,0
401,427,53,0,0
401,428,54,0,0
401,429,55,0,0
401,430,56,0,0
401,431,57,0,0
401,432,58,0,0
401,433,59,0,0
401,434,60,0,0
401,435,61,0,0
401,436,62,0,0
401,437,63,0,0
401,438,64,0,0
401,439,65,0,0
401,440,66,0,0
401,441,67,0,0
401,442,68,0,0
401,323,69,1,1
500,4002,1,0,0
500,1356,2,0,0
500,1360,3,0,0
500,118,4,0,0
500,181,5,0,0
500,183,6,0,0
500,185,7,0,0
500,186,8,0,0
500,187,9,0,0
500,480,10,0,0
500,481,11,0,0
500,482,12,0,0
500,483,13,0,0
500,484,14,0,0
500,485,15,0,0
500,486,16,0,0
500,488,17,0,0
500,160,18,0,0
500,161,19,0,0
500,1536,20,0,0
500,1454,21,0,0
500,59,22,0,0
500,60,23,0,0
500,61,24,0,0
500,62,25,0,0
500,63,26,0,0
500,64,27,0,0
500,65,28,0,0
500,66,29,0,0
500,67,30,0,0
500,68,31,0,0
500,69,32,1,1
501,69,1,0,0
501,70,2,0,0
501,71,3,0,0
501,72,4,0,0
501,73,5,0,0
501,74,6,0,0
501,75,7,0,0
501,76,8,0,0
501,77,9,0,0
501,78,10,0,0
501,79,11,0,0
501,80,12,0,0
501,81,13,0,0
501,82,14,0,0
501,83,15,0,0
501,84,16,0,0
501,85,17,0,0
501,86,18,0,0
501,87,19,0,0
501,88,20,0,0
501,193,21,0,0
501,1455,22,0,0
501,487,23,0,0
501,488,24,0,0
501,160,25,0,0
501,161,26,0,0
501,470,27,0,0
501,471,28,0,0
501,472,29,0,0
501,473,30,0,0
501,474,31,0,0
501,475,32,0,0
501,172,33,0,0
501,173,34,0,0
501,174,35,0,0
501,175,36,0,0
501,176,37,0,0
501,178,38,0,0
501,1367,39,0,0
501,1368,40,0,0
501,1369,41,0,0
501,112,42,0,0
501,1362,43,0,0
501,1547,44,0,0
501,4002,45,1,1
600,1421,1,0,0
600,444,2,0,0
600,445,3,0,0
600,446,4,0,0
600,447,5,0,0
600,448,6,0,0
600,449,7,0,0
600,1159,8,0,0
600,1160,9,0,0
600,1161,10,0,0
600,458,11,0,0
600,459,12,0,0
600,460,13,0,0
600,461,14,0,0
600,215,15,0,0
600,216,16,0,0
600,462,17,0,0
600,463,18,0,0
600,464,19,0,0
600,465,20,0,0
600,466,21,0,0
600,467,22,0,0
600,468,23,0,0
600,1536,24,0,0
600,1454,25,0,0
600,59,26,0,0
600,60,27,0,0
600,1456,28,0,0
600,1457,29,0,0
600,1458,30,0,0
600,1459,31,0,0
600,1460,32,0,0
600,1461,33,0,0
600,1462,34,0,0
600,1463,35,0,0
600,1166,36,1,1
601,1166,1,0,0
601,1168,2,0,0
601,1167,3,0,0
601,1279,4,0,0
601,1467,5,0,0
601,1468,6,0,0
601,1469,7,0,0
601,1434,8,0,0
601,96,9,0,0
601,1470,10,0,0
601,1471,11,0,0
601,1472,12,0,0
601,1473,13,0,0
601,1474,14,0,0
601,88,15,0,0
601,193,16,0,0
601,1455,17,0,0
601,487,18,0,0
601,488,19,0,0
601,490,20,0,0
601,491,21,0,0
601,492,22,0,0
601,493,23,0,0
601,425,24,0,0
601,426,25,0,0
601,427,26,0,0
601,494,27,0,0
601,1268,28,0,0
601,495,29,0,0
601,496,30,0,0
601,497,31,0,0
601,862,32,0,0
601,863,33,0,0
601,864,34,0,0
601,865,35,0,0
601,507,36,0,0
601,508,37,0,0
601,509,38,0,0
601,510,39,0,0
601,511,40,0,0
601,512,41,0,0
601,443,42,0,0
601,1421,43,1,1
700,602,1,0,0
700,603,2,0,0
700,604,3,0,0
700,605,4,0,0
700,606,5,0,0
700,764,6,0,0
700,1370,7,0,0
700,1387,8,0,0
700,1566,9,0,0
700,1403,10,0,0
700,1567,11,0,0
700,1388,12,0,0
700,1371,13,0,0
700,607,14,0,0
700,608,15,0,0
700,609,16,0,0
700,610,17,0,0
700,611,18,0,0
700,612,19,0,0
700,613,20,0,0
700,614,21,0,0
700,261,22,0,0
700,937,23,0,0
700,938,24,0,0
700,939,25,0,0
700,940,26,0,0
700,941,27,0,0
700,942,28,0,0
700,943,29,0,0
700,944,30,0,0
700,945,31,0,0
700,946,32,0,0
700,947,33,0,0
700,948,34,0,0
700,949,35,0,0
700,1137,36,0,0
700,1138,37,0,0
700,650,38,0,0
700,651,39,0,0
700,652,40,0,0
700,653,41,0,0
700,654,42,0,0
700,403,43,0,0
700,404,44,0,0
700,38,45,0,0
700,3998,46,0,0
700,41,47,0,0
700,1361,48,0,0
700,656,49,0,0
700,657,50,0,0
700,658,51,0,0
700,659,52,0,0
700,660,53,0,0
700,662,54,0,0
700,1633,55,0,0
700,1634,56,0,0
700,1635,57,0,0
700,1636,58,0,0
700,634,59,0,0
700,635,60,0,0
700,636,61,0,0
700,637,62,0,0
700,513,63,0,0
700,514,64,0,0
700,515,65,0,0
700,516,66,0,0
700,517,67,0,0
700,518,68,0,0
700,519,69,0,0
700,520,70,0,0
700,521,71,0,0
700,522,72,0,0
700,738,73,0,0
700,523,74,0,0
700,739,75,0,0
700,524,76,0,0
700,525,77,0,0
700,526,78,0,0
700,1233,79,0,0
700,1453,80,0,0
700,528,81,1,1
701,528,1,0,0
701,529,2,0,0
701,1372,3,0,0
701,1422,4,0,0
701,1420,5,0,0
701,1436,6,0,0
701,1373,7,0,0
701,1374,8,0,0
701,1375,9,0,0
701,533,10,0,0
701,534,11,0,0
701,535,12,0,0
701,536,13,0,0
701,537,14,0,0
701,538,15,0,0
701,539,16,0,0
701,540,17,0,0
701,541,18,0,0
701,542,19,0,0
701,543,20,0,0
701,544,21,0,0
701,545,22,0,0
701,546,23,0,0
701,547,24,0,0
701,548,25,0,0
701,549,26,0,0
701,550,27,0,0
701,551,28,0,0
701,552,29,0,0
701,553,30,0,0
701,554,31,0,0
701,555,32,0,0
701,556,33,0,0
701,557,34,0,0
701,558,35,0,0
701,559,36,0,0
701,560,37,0,0
701,561,38,0,0
701,562,39,0,0
701,563,40,0,0
701,564,41,0,0
701,565,42,0,0
701,566,43,0,0
701,568,44,0,0
701,570,45,0,0
701,571,46,0,0
701,572,47,0,0
701,574,48,0,0
701,575,49,0,0
701,576,50,0,0
701,577,51,0,0
701,579,52,0,0
701,1547,53,0,0
701,4004,54,0,0
701,1356,55,0,0
701,360,56,0,0
701,361,57,0,0
701,362,58,0,0
701,363,59,0,0
701,364,60,0,0
701,365,61,0,0
701,366,62,0,0
701,368,63,0,0
701,369,64,0,0
701,370,65,0,0
701,372,66,0,0
701,580,67,0,0
701,583,68,0,0
701,584,69,0,0
701,585,70,0,0
701,263,71,0,0
701,265,72,0,0
701,586,73,0,0
701,587,74,0,0
701,588,75,0,0
701,589,76,0,0
701,590,77,0,0
701,591,78,0,0
701,592,79,0,0
701,593,80,0,0
701,594,81,0,0
701,595,82,0,0
701,1229,83,0,0
701,596,84,0,0
701,597,85,0,0
701,598,86,0,0
701,599,87,0,0
701,600,88,0,0
701,601,89,0,0
701,602,90,1,1
800,1166,1,0,0
800,1168,2,0,0
800,1167,3,0,0
800,1275,4,0,0
800,1276,5,0,0
800,1277,6,0,0
800,1477,7,0,0
800,1478,8,0,0
800,1479,9,0,0
800,1480,10,0,0
800,1481,11,0,0
800,1482,12,0,0
800,1483,13,0,0
800,1583,14,0,0
800,1484,15,0,0
800,1485,16,0,0
800,1486,17,0,0
800,1487,18,0,0
800,1163,19,0,0
800,1164,20,0,0
800,1330,21,0,0
800,1165,22,0,0
800,1336,23,0,0
800,1488,24,0,0
800,1274,25,0,0
800,1282,26,0,0
800,1283,27,0,0
800,1284,28,0,0
800,1389,29,0,0
800,673,30,0,0
800,674,31,0,0
800,1379,32,0,0
800,675,33,0,0
800,676,34,0,0
800,677,35,0,0
800,678,36,0,0
800,679,37,0,0
800,680,38,0,0
800,681,39,0,0
800,682,40,0,0
800,683,41,0,0
800,684,42,0,0
800,685,43,0,0
800,686,44,0,0
800,687,45,0,0
800,688,46,0,0
800,689,47,0,0
800,690,48,0,0
800,1362,49,0,0
800,1547,50,0,0
800,1542,51,0,0
800,3998,52,0,0
800,886,53,0,0
800,887,54,0,0
800,888,55,0,0
800,889,56,0,0
800,890,57,0,0
800,891,58,0,0
800,892,59,0,0
800,893,60,0,0
800,894,61,0,0
800,895,62,0,0
800,896,63,0,0
800,897,64,0,0
800,898,65,0,0
800,899,66,0,0
800,900,67,0,0
800,901,68,0,0
800,902,69,0,0
800,904,70,0,0
800,903,71,0,0
800,905,72,0,0
800,906,73,0,0
800,907,74,0,0
800,908,75,0,0
800,910,76,0,0
800,911,77,0,0
800,912,78,0,0
800,913,79,0,0
800,914,80,0,0
800,915,81,0,0
800,916,82,0,0
800,917,83,0,0
800,1384,84,0,0
800,1337,85,0,0
800,918,86,0,0
800,919,87,0,0
800,920,88,0,0
800,921,89,0,0
800,922,90,0,0
800,923,91,0,0
800,924,92,0,0
800,584,93,0,0
800,925,94,0,0
800,926,95,0,0
800,927,96,0,0
800,928,97,0,0
800,929,98,0,0
800,930,99,0,0
800,931,100,0,0
800,599,101,0,0
800,600,102,0,0
800,601,103,0,0
800,602,104,1,1
801,602,1,0,0
801,603,2,0,0
801,604,3,0,0
801,772,4,0,0
801,773,5,0,0
801,1110,6,0,0
801,1111,7,0,0
801,1112,8,0,0
801,1113,9,0,0
801,1114,10,0,0
801,1115,11,0,0
801,261,12,0,0
801,1116,13,0,0
801,1117,14,0,0
801,1118,15,0,0
801,1119,16,0,0
801,1120,17,0,0
801,1121,18,0,0
801,1122,19,0,0
801,1263,20,0,0
801,1123,21,0,0
801,1125,22,0,0
801,1126,23,0,0
801,1127,24,0,0
801,1128,25,0,0
801,1129,26,0,0
801,1130,27,0,0
801,1131,28,0,0
801,1132,29,0,0
801,1133,30,0,0
801,1134,31,0,0
801,1135,32,0,0
801,1136,33,0,0
801,948,34,0,0
801,949,35,0,0
801,950,36,0,0
801,951,37,0,0
801,952,38,0,0
801,953,39,0,0
801,954,40,0,0
801,364,41,0,0
801,956,42,0,0
801,957,43,0,0
801,958,44,0,0
801,959,45,0,0
801,4000,46,0,0
801,1356,47,0,0
801,1360,48,0,0
801,3999,49,0,0
801,112,50,0,0
801,1361,51,0,0
801,656,52,0,0
801,657,53,0,0
801,658,54,0,0
801,659,55,0,0
801,660,56,0,0
801,662,57,0,0
801,663,58,0,0
801,664,59,0,0
801,665,60,0,0
801,666,61,0,0
801,667,62,0,0
801,668,63,0,0
801,669,64,0,0
801,1490,65,0,0
801,1491,66,0,0
801,1492,67,0,0
801,1493,68,0,0
801,1494,69,0,0
801,1495,70,0,0
801,1166,71,1,1
900,602,1,0,0
900,603,2,0,0
900,604,3,0,0
900,772,4,0,0
900,773,5,0,0
900,1264,6,0,0
900,774,7,0,0
900,775,8,0,0
900,776,9,0,0
900,777,10,0,0
900,778,11,0,0
900,779,12,0,0
900,780,13,0,0
900,781,14,0,0
900,782,15,0,0
900,783,16,0,0
900,784,17,0,0
900,785,18,0,0
900,786,19,0,0
900,1380,20,0,0
900,787,21,0,0
900,788,22,0,0
900,789,23,0,0
900,790,24,0,0
900,255,25,0,0
900,256,26,0,0
900,257,27,0,0
900,258,28,0,0
900,259,29,0,0
900,260,30,0,0
900,261,31,0,0
900,615,32,0,0
900,391,33,0,0
900,392,34,0,0
900,394,35,0,0
900,395,36,0,0
900,396,37,0,0
900,398,38,0,0
900,400,39,0,0
900,401,40,0,0
900,402,41,0,0
900,403,42,0,0
900,404,43,0,0
900,38,44,0,0
900,3998,45,0,0
900,618,46,0,0
900,620,47,0,0
900,621,48,0,0
900,622,49,0,0
900,623,50,0,0
900,624,51,0,0
900,625,52,0,0
900,626,53,0,0
900,628,54,0,0
900,629,55,0,0
900,630,56,0,0
900,631,57,0,0
900,632,58,0,0
900,633,59,0,0
900,634,60,0,0
900,635,61,0,0
900,636,62,0,0
900,637,63,0,0
900,513,64,0,0
900,710,65,0,0
900,711,66,0,0
900,712,67,0,0
900,713,68,0,0
900,714,69,0,0
900,715,70,0,0
900,716,71,0,0
900,717,72,0,0
900,718,73,0,0
900,719,74,0,0
900,720,75,0,0
900,721,76,0,0
900,722,77,0,0
900,723,78,0,0
900,724,79,0,0
900,725,80,0,0
900,726,81,0,0
900,727,82,0,0
900,728,83,0,0
900,729,84,0,0
900,730,85,0,0
900,731,86,0,0
900,732,87,0,0
900,733,88,0,0
900,1582,89,0,0
900,1580,90,0,0
900,1581,91,0,0
900,1420,92,0,0
900,1436,93,0,0
900,1475,94,0,0
900,1476,95,0,0
900,1267,96,0,0
900,528,97,1,1
901,528,1,0,0
901,530,2,0,0
901,531,3,0,0
901,532,4,0,0
901,740,5,0,0
901,741,6,0,0
901,742,7,0,0
901,743,8,0,0
901,744,9,0,0
901,745,10,0,0
901,746,11,0,0
901,747,12,0,0
901,748,13,0,0
901,750,14,0,0
901,749,15,0,0
901,751,16,0,0
901,752,17,0,0
901,558,18,0,0
901,559,19,0,0
901,560,20,0,0
901,561,21,0,0
901,1637,22,0,0
901,1638,23,0,0
901,1639,24,0,0
901,1640,25,0,0
901,684,26,0,0
901,685,27,0,0
901,686,28,0,0
901,687,29,0,0
901,688,30,0,0
901,689,31,0,0
901,690,32,0,0
901,1362,33,0,0
901,1547,34,0,0
901,4002,35,0,0
901,1356,36,0,0
901,360,37,0,0
901,361,38,0,0
901,691,39,0,0
901,692,40,0,0
901,693,41,0,0
901,694,42,0,0
901,695,43,0,0
901,1093,44,0,0
901,900,45,0,0
901,901,46,0,0
901,1094,47,0,0
901,1095,48,0,0
901,1096,49,0,0
901,1097,50,0,0
901,1098,51,0,0
901,1099,52,0,0
901,1100,53,0,0
901,1101,54,0,0
901,1102,55,0,0
901,1103,56,0,0
901,1104,57,0,0
901,924,58,0,0
901,584,59,0,0
901,753,60,0,0
901,754,61,0,0
901,755,62,0,0
901,756,63,0,0
901,757,64,0,0
901,758,65,0,0
901,759,66,0,0
901,760,67,0,0
901,761,68,0,0
901,762,69,0,0
901,763,70,0,0
901,764,71,0,0
901,1370,72,0,0
901,1387,73,0,0
901,1566,74,0,0
901,1403,75,0,0
901,1567,76,0,0
901,1388,77,0,0
901,765,78,0,0
901,766,79,0,0
901,767,80,0,0
901,768,81,0,0
901,1312,82,0,0
901,769,83,0,0
901,770,84,0,0
901,771,85,0,0
901,599,86,0,0
901,600,87,0,0
901,601,88,0,0
901,602,89,1,1
1000,638,1,0,0
1000,640,2,0,0
1000,641,3,0,0
1000,642,4,0,0
1000,643,5,0,0
1000,644,6,0,0
1000,646,7,0,0
1000,647,8,0,0
1000,648,9,0,0
1000,649,10,0,0
1000,650,11,0,0
1000,651,12,0,0
1000,652,13,0,0
1000,653,14,0,0
1000,654,15,0,0
1000,403,16,0,0
1000,4000,17,0,0
1000,1356,18,0,0
1000,1360,19,0,0
1000,3999,20,0,0
1000,42,21,0,0
1000,44,22,0,0
1000,46,23,0,0
1000,960,24,0,0
1000,961,25,0,0
1000,962,26,0,0
1000,186,27,0,0
1000,963,28,0,0
1000,964,29,0,0
1000,965,30,0,0
1000,966,31,0,0
1000,967,32,0,0
1000,968,33,0,0
1000,969,34,0,0
1000,970,35,0,0
1000,971,36,0,0
1000,296,37,0,0
1000,972,38,0,0
1000,974,39,0,0
1000,975,40,0,0
1000,976,41,0,0
1000,977,42,0,0
1000,978,43,0,0
1000,979,44,0,0
1000,980,45,0,0
1000,981,46,0,0
1000,982,47,0,0
1000,983,48,0,0
1000,984,49,0,0
1000,986,50,0,0
1000,987,51,0,0
1000,988,52,0,0
1000,989,53,0,0
1000,306,54,0,0
1000,307,55,0,0
1000,497,56,0,0
1000,862,57,0,0
1000,863,58,0,0
1000,864,59,0,0
1000,865,60,0,0
1000,507,61,0,0
1000,508,62,0,0
1000,509,63,0,0
1000,510,64,0,0
1000,1624,65,0,0
1000,1625,66,1,1
1000,1496,67,0,0
1000,458,68,0,0
1000,459,69,1,1
1001,1625,1,0,0
1001,1627,2,0,0
1001,1628,3,0,0
1001,1626,4,0,0
1001,504,5,0,0
1001,505,6,0,0
1001,506,7,0,0
1001,1159,8,0,0
1001,1160,9,0,0
1001,1161,10,0,0
1001,458,11,0,0
1001,459,12,0,0
1001,338,13,0,0
1001,1064,14,0,0
1001,1065,15,0,0
1001,1066,16,0,0
1001,1067,17,0,0
1001,1068,18,0,0
1001,1069,19,0,0
1001,1070,20,0,0
1001,1071,21,0,0
1001,1072,22,0,0
1001,1073,23,0,0
1001,1074,24,0,0
1001,1075,25,0,0
1001,1076,26,0,0
1001,1077,27,0,0
1001,1079,28,0,0
1001,1080,29,0,0
1001,1081,30,0,0
1001,1082,31,0,0
1001,1083,32,0,0
1001,1084,33,0,0
1001,1085,34,0,0
1001,1086,35,0,0
1001,1087,36,0,0
1001,1088,37,0,0
1001,1089,38,0,0
1001,1090,39,0,0
1001,1091,40,0,0
1001,1092,41,0,0
1001,109,42,0,0
1001,110,43,0,0
1001,111,44,0,0
1001,112,45,0,0
1001,1362,46,0,0
1001,1547,47,0,0
1001,4002,48,0,0
1001,1356,49,0,0
1001,360,50,0,0
1001,361,51,0,0
1001,691,52,0,0
1001,692,53,0,0
1001,693,54,0,0
1001,694,55,0,0
1001,695,56,0,0
1001,696,57,0,0
1001,697,58,0,0
1001,698,59,0,0
1001,699,60,0,0
1001,700,61,0,0
1001,702,62,0,0
1001,703,63,0,0
1001,704,64,0,0
1001,705,65,0,0
1001,706,66,0,0
1001,707,67,0,0
1001,708,68,0,0
1001,638,69,1,1
1200,497,1,0,0
1200,862,2,0,0
1200,863,3,0,0
1200,864,4,0,0
1200,865,5,0,0
1200,450,6,0,0
1200,452,7,0,0
1200,453,8,0,0
1200,866,9,0,0
1200,867,10,0,0
1200,868,11,0,0
1200,869,12,0,0
1200,870,13,0,0
1200,871,14,0,0
1200,872,15,0,0
1200,873,16,0,0
1200,874,17,0,0
1200,875,18,0,0
1200,876,19,0,0
1200,877,20,0,0
1200,878,21,0,0
1200,879,22,0,0
1200,880,23,0,0
1200,23,24,0,0
1200,25,25,0,0
1200,27,26,0,0
1200,28,27,0,0
1200,29,28,0,0
1200,881,29,0,0
1200,882,30,0,0
1200,883,31,0,0
1200,884,32,0,0
1200,37,33,0,0
1200,38,34,0,0
1200,3998,35,0,0
1200,236,36,0,0
1200,237,37,0,0
1200,238,38,0,0
1200,240,39,0,0
1200,990,40,0,0
1200,991,41,0,0
1200,992,42,0,0
1200,993,43,0,0
1200,994,44,0,0
1200,995,45,0,0
1200,996,46,0,0
1200,997,47,0,0
1200,998,48,0,0
1200,1000,49,0,0
1200,1001,50,0,0
1200,1002,51,0,0
1200,1003,52,0,0
1200,1005,53,0,0
1200,1006,54,0,0
1200,1007,55,0,0
1200,1008,56,0,0
1200,1009,57,0,0
1200,1010,58,0,0
1200,1011,59,0,0
1200,1012,60,0,0
1200,1013,61,0,0
1200,1014,62,0,0
1200,1015,63,0,0
1200,1016,64,0,0
1200,1017,65,0,0
1200,836,66,0,0
1200,837,67,0,0
1200,838,68,0,0
1200,1328,69,0,0
1200,1018,70,0,0
1200,1019,71,0,0
1200,1020,72,0,0
1200,1021,73,0,0
1200,829,74,0,0
1200,830,75,0,0
1200,1620,76,0,0
1200,1621,77,0,0
1200,1503,78,0,0
1200,1525,79,0,0
1200,1526,80,0,0
1200,1527,81,0,0
1200,1528,82,0,0
1200,1442,83,0,0
1200,1453,84,0,0
1200,528,85,1,1
1201,528,1,0,0
1201,1548,2,0,0
1201,1441,3,0,0
1201,1505,4,0,0
1201,1506,5,0,0
1201,1507,6,0,0
1201,1508,7,0,0
1201,1622,8,0,0
1201,1623,9,0,0
1201,1517,10,0,0
1201,830,11,0,0
1201,831,12,0,0
1201,832,13,0,0
1201,833,14,0,0
1201,834,15,0,0
1201,835,16,0,0
1201,836,17,0,0
1201,837,18,0,0
1201,838,19,0,0
1201,839,20,0,0
1201,840,21,0,0
1201,841,22,0,0
1201,842,23,0,0
1201,843,24,0,0
1201,844,25,0,0
1201,845,26,0,0
1201,846,27,0,0
1201,847,28,0,0
1201,848,29,0,0
1201,849,30,0,0
1201,850,31,0,0
1201,851,32,0,0
1201,852,33,0,0
1201,853,34,0,0
1201,854,35,0,0
1201,855,36,0,0
1201,856,37,0,0
1201,857,38,0,0
1201,858,39,0,0
1201,859,40,0,0
1201,860,41,0,0
1201,861,42,0,0
1201,280,43,0,0
1201,281,44,0,0
1201,283,45,0,0
1201,284,46,0,0
1201,1547,47,0,0
1201,4004,48,0,0
1201,1356,49,0,0
1201,1360,50,0,0
1201,1139,51,0,0
1201,1140,52,0,0
1201,1141,53,0,0
1201,1142,54,0,0
1201,124,55,0,0
1201,125,56,0,0
1201,127,57,0,0
1201,130,58,0,0
1201,132,59,0,0
1201,1143,60,0,0
1201,1144,61,0,0
1201,1145,62,0,0
1201,1146,63,0,0
1201,1147,64,0,0
1201,1148,65,0,0
1201,1149,66,0,0
1201,1150,67,0,0
1201,1151,68,0,0
1201,1152,69,0,0
1201,1153,70,0,0
1201,1154,71,0,0
1201,1155,72,0,0
1201,1156,73,0,0
1201,1157,74,0,0
1201,1158,75,0,0
1201,1549,76,0,0
1201,454,77,0,0
1201,455,78,0,0
1201,1500,79,0,0
1201,1501,80,0,0
1201,987,81,0,0
1201,988,82,0,0
1201,989,83,0,0
1201,306,84,0,0
1201,307,85,0,0
1201,497,86,1,1
1500,1189,1,0,0
1500,887,2,0,0
1500,888,3,0,0
1500,889,4,0,0
1500,890,5,0,0
1500,891,6,0,0
1500,956,7,0,0
1500,957,8,0,0
1500,958,9,0,0
1500,1195,10,0,0
1500,1196,11,0,0
1500,1197,12,0,0
1500,691,13,0,0
1500,692,14,0,0
1500,1199,15,0,0
1500,1174,16,0,0
1500,652,17,0,0
1500,653,18,0,0
1500,654,19,0,0
1500,403,20,0,0
1500,404,21,0,0
1500,38,22,0,0
1500,1544,23,0,0
1500,1355,24,0,0
1500,1361,25,0,0
1500,656,26,0,0
1500,657,27,0,0
1500,658,28,0,0
1500,1180,29,0,0
1500,1181,30,0,0
1500,1182,31,0,0
1500,1183,32,0,0
1500,1539,33,0,0
1500,1540,34,0,0
1500,1391,35,0,0
1500,1529,36,0,0
1500,1588,37,0,0
1500,1057,38,0,0
1500,1059,39,0,0
1500,1060,40,0,0
1500,1188,41,0,0
1600,1432,1,0,0
1600,1433,2,0,0
1600,1569,3,0,0
1600,1570,4,0,0
1600,1571,5,0,0
1600,1572,6,0,0
1600,1574,7,0,0
1600,1575,8,0,0
1600,1576,9,0,0
1600,1577,10,0,0
1600,1578,11,0,0
1600,153,12,0,0
1600,1423,13,0,0
1600,1530,14,0,0
1600,1531,15,0,0
1600,1532,16,0,0
1600,1533,17,0,0
1600,1534,18,0,0
1600,1206,19,0,0
1600,1207,20,0,0
1600,1208,21,0,0
1600,1209,22,0,0
1600,1210,23,0,0
1600,1211,24,0,0
1600,1535,25,0,0
1600,202,26,0,0
1600,203,27,0,0
1600,1262,28,0,0
1600,204,29,0,0
1600,1451,30,0,0
1600,1452,31,0,0
1700,1589,1,0,0
1700,1578,2,0,0
1700,153,3,0,0
1700,1423,4,0,0
1700,1424,5,0,0
1700,1425,6,0,0
1700,439,7,0,0
1700,440,8,0,0
1700,441,9,0,0
1700,442,10,0,0
1700,323,11,0,0
1700,1445,12,0,0
1700,1212,13,0,0
1700,1213,14,0,0
1700,1214,15,0,0
1700,1215,16,0,0
1700,1216,17,0,0
1700,1217,18,0,0
1700,1218,19,0,0
1700,1219,20,0,0
1700,1446,21,0,0
1700,1447,22,0,0
1700,1448,23,0,0
1700,1449,24,0,0
1700,1450,25,0,0
1700,1222,26,0,0
1700,1223,27,0,0
1700,1270,28,0,0
1700,1224,29,0,0
1700,1225,30,0,0
1700,1226,31,0,0
1700,321,32,0,0
1700,322,33,0,0
1700,202,34,0,0
1700,203,35,0,0
1700,1262,36,0,0
1700,204,37,0,0
1700,1451,38,0,0
1700,1452,39,0,0
1700,1432,40,0,0
1700,1433,41,0,0
1800,1566,1,0,0
1800,1403,2,0,0
1800,1418,3,0,0
1800,1411,4,0,0
1800,1412,5,0,0
1800,1413,6,0,0
1800,1419,7,0,0
1800,1414,8,0,0
1800,1584,9,0,0
1800,1415,10,0,0
1800,1416,11,0,0
1800,1417,12,0,0
1800,612,13,0,0
1800,613,14,0,0
1800,614,15,0,0
1800,261,16,0,0
1800,262,17,0,0
1800,263,18,0,0
1800,265,19,0,0
1800,266,20,0,0
1800,267,21,0,0
1800,268,22,0,0
1800,269,23,0,0
1800,1664,24,0,0
1800,271,25,0,0
1800,1586,26,0,0
1800,382,27,1,1
1801,382,1,0,0
1801,1228,2,0,0
1801,1663,3,0,0
1801,250,4,0,0
1801,251,5,0,0
1801,252,6,0,0
1801,253,7,0,0
1801,254,8,0,0
1801,255,9,0,0
1801,256,10,0,0
1801,257,11,0,0
1801,258,12,0,0
1801,583,13,0,0
1801,584,14,0,0
1801,753,15,0,0
1801,754,16,0,0
1801,755,17,0,0
1801,1393,18,0,0
1801,1394,19,0,0
1801,1395,20,0,0
1801,1396,21,0,0
1801,1585,22,0,0
1801,1397,23,0,0
1801,1554,24,0,0
1801,1555,25,0,0
1801,1556,26,0,0
1801,1557,27,0,0
1801,1558,28,0,0
1801,1563,29,0,0
1801,1559,30,0,0
1801,1560,31,0,0
1801,1561,32,0,0
1801,1562,33,0,0
1801,1406,34,0,0
1801,1407,35,0,0
1801,1566,36,1,1
2100,752,1,0,0
2100,710,2,0,0
2100,1293,3,0,0
2100,1295,4,0,0
2100,1296,5,0,0
2100,1297,6,0,0
2100,732,7,0,0
2100,733,8,0,0
2100,734,9,0,0
2100,735,10,0,0
2100,736,11,0,0
2100,737,12,0,0
2100,1298,13,0,0
2100,1299,14,0,0
2100,520,15,0,0
2100,1591,16,0,0
2100,824,17,0,0
2100,1043,18,0,0
2100,1010,19,0,0
2100,1011,20,0,0
2100,1012,21,0,0
2100,1013,22,0,0
2100,1014,23,0,0
2100,1015,24,0,0
2100,1016,25,0,0
2100,1017,26,0,0
2100,836,27,0,0
2100,248,28,0,0
2100,249,29,1,1
2101,249,1,0,0
2101,383,2,0,0
2101,384,3,0,0
2101,838,4,0,0
2101,839,5,0,0
2101,840,6,0,0
2101,841,7,0,0
2101,842,8,0,0
2101,843,9,0,0
2101,844,10,0,0
2101,845,11,0,0
2101,811,12,0,0
2101,1031,13,0,0
2101,1443,14,0,0
2101,742,15,0,0
2101,743,16,0,0
2101,744,17,0,0
2101,745,18,0,0
2101,746,19,0,0
2101,747,20,0,0
2101,1318,21,0,0
2101,752,22,1,1
2200,830,1,0,0
2200,1518,2,0,0
2200,1593,3,0,0
2200,1510,4,0,0
2200,1511,5,0,0
2200,1594,6,0,0
2200,1607,7,0,0
2200,1608,8,0,0
2200,1595,9,0,0
2200,1596,10,0,0
2200,1597,11,0,0
2200,1598,12,0,0
2200,1600,13,0,0
2200,1601,14,0,0
2200,1602,15,0,0
2200,1603,16,0,0
2200,1604,17,0,0
2200,1605,18,0,0
2200,1606,19,0,0
2200,831,20,0,0
2200,832,21,0,0
2200,833,22,0,0
2200,834,23,0,0
2200,835,24,0,0
2200,836,25,0,0
2200,270,26,0,0
2200,250,27,0,0
2200,251,28,0,0
2200,252,29,0,0
2200,253,30,0,0
2200,254,31,0,0
2200,586,32,0,0
2200,587,33,1,1
2201,587,1,0,0
2201,588,2,0,0
2201,1592,3,0,0
2201,775,4,0,0
2201,776,5,0,0
2201,777,6,0,0
2201,778,7,0,0
2201,779,8,0,0
2201,780,9,0,0
2201,781,10,0,0
2201,782,11,0,0
2201,783,12,0,0
2201,885,13,0,0
2201,909,14,0,0
2201,249,15,0,0
2201,383,16,0,0
2201,838,17,0,0
2201,1328,18,0,0
2201,1018,19,0,0
2201,1019,20,0,0
2201,1020,21,0,0
2201,1021,22,0,0
2201,829,23,0,0
2201,830,24,1,1
2400,404,1,0,0
2400,1360,2,0,0
2400,1672,3,0,0
2400,112,4,0,0
2400,1362,5,0,0
2400,1547,6,0,0
2400,361,7,0,0
2400,691,8,0,0
2400,692,9,0,0
2400,693,10,0,0
2400,694,11,0,0
2400,695,12,0,0
2400,696,13,0,0
2400,697,14,0,0
2400,698,15,0,0
2400,699,16,0,0
2400,700,17,0,0
2400,1650,18,0,0
2400,1655,19,0,0
2400,1656,20,0,0
2400,1675,21,0,0
2400,1660,22,1,1
2401,1660,1,0,0
2401,1662,2,0,0
2401,1659,3,0,0
2401,1657,4,0,0
2401,1654,5,0,0
2401,1651,6,0,0
2401,646,7,0,0
2401,647,8,0,0
2401,648,9,0,0
2401,649,10,0,0
2401,650,11,0,0
2401,651,12,0,0
2401,652,13,0,0
2401,653,14,0,0
2401,654,15,0,0
2401,403,16,0,0
2401,404,17,1,1
3000,202,1,0,0
3000,337,2,0,0
3000,340,3,0,0
3000,219,4,0,0
3000,172,5,0,0
3000,37,6,0,0
3000,38,7,0,0
3000,3998,8,0,0
3000,236,9,0,0
3000,238,10,0,0
3000,241,11,0,0
3000,248,12,0,0
3000,249,13,0,0
3000,383,14,0,0
3000,384,15,1,1
3001,384,1,0,0
3001,270,2,0,0
3001,271,3,0,0
3001,280,4,0,0
3001,283,5,0,0
3001,284,6,0,0
3001,1547,7,0,0
3001,4002,8,0,0
3001,1356,9,0,0
3001,1360,10,0,0
3001,480,11,0,0
3001,420,12,0,0
3001,305,13,0,0
3001,308,14,0,0
3001,202,15,1,1
4000,1423,1,0,0
4000,1424,2,0,0
4000,1425,3,0,0
4000,439,4,0,0
4000,440,5,0,0
4000,441,6,0,0
4000,1426,7,0,0
4000,1427,8,0,0
4000,1428,9,0,0
4000,1429,10,0,0
4000,1430,11,0,0
4000,1564,12,0,0
4000,1431,13,0,0
4000,1541,14,0,0
4000,1432,15,0,0
4000,1433,16,0,0
4000,1569,17,0,0
4000,1609,18,0,0
4000,1610,19,0,0
4000,158,20,0,0
4000,86,21,0,0
4000,87,22,0,0
4000,88,23,0,0
4000,172,24,0,0
4000,175,25,0,0
4000,35,26,0,0
4000,37,27,0,0
4000,360,28,0,0
4000,361,29,0,0
4000,362,30,0,0
4000,363,31,0,0
4000,364,32,0,0
4000,365,33,0,0
4000,369,34,0,0
4000,580,35,0,0
4000,584,36,0,0
4000,585,37,0,0
4000,1105,38,0,0
4000,1107,39,0,0
4000,1108,40,0,0
4000,1109,41,0,0
4000,598,42,0,0
4000,1641,43,0,0
4000,605,44,0,0
4000,606,45,0,0
4000,764,46,0,0
4000,1370,47,0,0
4000,1387,48,0,0
4000,1566,49,1,1
4001,1566,1,0,0
4001,1403,2,0,0
4001,1418,3,0,0
4001,1411,4,0,0
4001,1615,5,0,0
4001,1557,6,0,0
4001,1558,7,0,0
4001,1563,8,0,0
4001,1616,9,0,0
4001,1617,10,0,0
4001,1409,11,0,0
4001,1618,12,0,0
4001,1619,13,0,0
4001,1388,14,0,0
4001,1371,15,0,0
4001,769,16,0,0
4001,770,17,0,0
4001,771,18,0,0
4001,772,19,0,0
4001,773,20,0,0
4001,1264,21,0,0
4001,932,22,0,0
4001,933,23,0,0
4001,934,24,0,0
4001,936,25,0,0
4001,259,26,0,0
4001,260,27,0,0
4001,261,28,0,0
4001,391,29,0,0
4001,395,30,0,0
4001,400,31,0,0
4001,401,32,0,0
4001,402,33,0,0
4001,403,34,0,0
4001,404,35,0,0
4001,1360,36,0,0
4001,181,37,0,0
4001,186,38,0,0
4001,189,39,0,0
4001,60,40,0,0
4001,61,41,0,0
4001,1552,42,0,0
4001,1611,43,0,0
4001,1612,44,0,0
4001,1577,45,0,0
4001,1578,46,0,0
4001,153,47,0,0
4001,1423,48,1,1
5000,4002,1,0,0
5000,1356,2,0,0
5000,360,3,0,0
5000,3998,4,0,0
5000,618,5,0,0
5000,622,6,0,0
5000,625,7,0,0
5000,629,8,0,0
5000,1265,9,0,0
5000,819,10,0,0
5000,521,11,0,0
5000,522,12,0,0
5000,738,13,0,0
5000,523,14,0,0
5000,739,15,0,0
5000,524,16,0,0
5000,525,17,0,0
5000,526,18,0,0
5000,1233,19,0,0
5000,1453,20,0,0
5000,528,21,0,0
5000,529,22,0,0
5000,1665,23,0,0
5000,1666,24,0,0
5000,1674,25,0,0
5000,1667,26,1,1
5001,1667,1,0,0
5001,1668,2,0,0
5001,1267,3,0,0
5001,528,4,0,0
5001,530,5,0,0
5001,531,6,0,0
5001,532,7,0,0
5001,740,8,0,0
5001,741,9,0,0
5001,1038,10,0,0
5001,1613,11,0,0
5001,566,12,0,0
5001,571,13,0,0
5001,575,14,0,0
5001,579,15,0,0
5001,1547,16,0,0
5001,4002,17,1,1
6000,4004,1,0,0
6000,1544,2,0,0
6000,1355,3,0,0
6000,1361,4,0,0
6000,656,5,0,0
6000,657,6,0,0
6000,658,7,0,0
6000,811,8,0,0
6000,825,9,0,0
6000,827,10,0,0
6000,828,11,0,0
6000,1326,12,0,0
6000,829,13,0,0
6000,830,14,0,0
6000,1518,15,0,0
6000,1593,16,0,0
6000,1510,17,0,0
6000,1511,18,0,0
6000,1614,19,1,1
6001,1614,1,0,0
6001,1629,2,0,0
6001,1630,3,0,0
6001,1670,4,0,0
6001,1671,5,0,0
6001,1631,6,0,0
6001,1642,7,0,0
6001,1643,8,0,0
6001,1644,9,0,0
6001,1645,10,0,0
6001,1595,11,0,0
6001,1596,12,0,0
6001,1597,13,0,0
6001,1673,14,0,0
6001,1512,15,0,0
6001,1523,16,0,0
6001,1516,17,0,0
6001,1517,18,0,0
6001,830,19,0,0
6001,1023,20,0,0
6001,1024,21,0,0
6001,1025,22,0,0
6001,1026,23,0,0
6001,1027,24,0,0
6001,1028,25,0,0
6001,1043,26,0,0
6001,686,27,0,0
6001,687,28,0,0
6001,688,29,0,0
6001,689,30,0,0
6001,690,31,0,0
6001,1362,32,0,0
6001,1547,33,0,0
6001,4004,34,1,1
