101,'Saturday-01',656,,5176,2,,,0,70,,5144,28,,,0,30,,5145,28,,,0,75,,5175,24,,,0,70,,5164,24,,,0,30,,5165,24,,,0,70,,5166,24,,,0,30,,5167,24,,,0,70,,5168,24,,,0,30,,5169,24,,,0,70,,5170,24,,,0,30,,5171,24,,,0,70,,5154,26,,,0,25,,5146,28,,,0,30,,5147,28,,,0,50,,5155,26,,,0,35,,5156,26,,,0,75,,5148,28,,,0,40,,5149,28,,,0,55,,5160,26,,,0,40,,5161,24,,,0,70,,5162,24,,,0,80,,5157,26,,,0,30,,5158,26,,,0,70,,5159,26,,,0,99,,5172,24,,,0,30,,5173,24,,,0,95,,5150,28,,,0,83,,5151,28,,,0,20,,5163,24,,,0,100,,5152,28,,,0,85,,5153,28,,,0
101,'Sunday-01',812,,5177,24,,,0,100,,5178,26,,,0,100,,5179,26,,,0,100,,5180,26,,,0,100,,5181,26,,,0,105,,5184,28,,,0,100,,5185,28,,,0,105,,5186,28,,,0,100,,5187,28,,,0,100,,5182,26,,,0,109,,5183,26,,,0
101,'Weekday-01',620,,5236,24,,,0,16,,5191,21,,,0,10,,5219,24,,,0,64,,5208,21,,,0,16,,5192,28,,,0,15,,5193,28,,,0,15,,5194,28,,,0,50,,5220,24,,,0,5,,5195,28,,,0,25,,5190,21,,,0,20,,5222,24,,,0,60,,5223,24,,,0,30,,5235,24,,,0,80,,5224,24,,,0,74,,5225,24,,,0,30,,5226,24,,,0,70,,5227,24,,,0,30,,5228,24,,,0,96,,5196,28,,,0,30,,5197,28,,,0,70,,5198,28,,,0,30,,5199,28,,,0,70,,5200,28,,,0,30,,5201,28,,,0,55,,5209,26,,,0,10,,5210,26,,,0,10,,5229,24,,,0,20,,5211,26,,,0,50,,5230,24,,,0,20,,5212,26,,,0,5,,5231,24,,,0,24,,5213,26,,,0,6,,5232,24,,,0,65,,5214,26,,,0,5,,5233,24,,,0,80,,5215,26,,,0,10,,5234,24,,,0,30,,5221,24,,,0,70,,5217,24,,,0,90,,5202,28,,,0,20,,5203,28,,,0,75,,5204,28,,,0,30,,5205,28,,,0,100,,5206,28,,,0,25,,5207,28,,,0,70,,5218,24,,,0
200,'Saturday-01',647,,5237,30,,,0,70,,5238,30,,,0,30,,5239,30,,,0,70,,5240,30,,,0,30,,5241,30,,,0,70,,5242,30,,,0,30,,5243,30,,,0,70,,5244,30,,,0,30,,5245,30,,,0,70,,5246,30,,,0,30,,5247,30,,,0,70,,5248,30,,,0,30,,5249,30,,,0,70,,5250,30,,,0,30,,5251,30,,,0,70,,5252,30,,,0,30,,5253,30,,,0,70,,5254,30,,,0,30,,5255,30,,,0,70,,5256,30,,,0,30,,5257,30,,,0,70,,5258,30,,,0,30,,5259,30,,,0,70,,5260,30,,,0,30,,5261,30,,,0,70,,5262,30,,,0,30,,5264,30,,,0,69,,5265,30,,,0,31,,5266,30,,,0,69,,5267,30,,,0,100,,5268,30,,,0,100,,5269,30,,,0,100,,5270,30,,,0
200,'Sunday-01',832,,5271,30,,,0,70,,5272,30,,,0,30,,5273,30,,,0,70,,5274,30,,,0,30,,5275,30,,,0,70,,5276,30,,,0,30,,5277,30,,,0,70,,5278,30,,,0,30,,5279,30,,,0,70,,5280,30,,,0,30,,5281,30,,,0,70,,5282,30,,,0,30,,5283,30,,,0,70,,5284,30,,,0,30,,5285,30,,,0,70,,5286,30,,,0,30,,5287,30,,,0,70,,5288,30,,,0,30,,5289,30,,,0
200,'Weekday-01',617,,5291,30,,,0,30,,5290,30,,,0,55,,5331,30,,,0,15,,5294,30,,,0,15,,5295,30,,,0,15,,5296,30,,,0,55,,5297,30,,,0,15,,5292,30,,,0,15,,5293,30,,,0,70,,5298,30,,,0,30,,5299,30,,,0,20,,5322,30,,,0,70,,5303,30,,,0,30,,5304,30,,,0,70,,5305,30,,,0,30,,5306,30,,,0,70,,5307,30,,,0,30,,5308,30,,,0,70,,5309,30,,,0,30,,5300,30,,,0,69,,5301,30,,,0,25,,5302,30,,,0,66,,5310,30,,,0,20,,5311,30,,,0,15,,5312,30,,,0,55,,5313,30,,,0,15,,5314,30,,,0,15,,5315,30,,,0,15,,5316,30,,,0,55,,5317,30,,,0,15,,5318,30,,,0,30,,5323,30,,,0,70,,5324,30,,,0,30,,5325,30,,,0,70,,5326,30,,,0,30,,5327,30,,,0,70,,5319,30,,,0,30,,5320,30,,,0,70,,5321,30,,,0,30,,5332,30,,,0,70,,5328,30,,,0,30,,5333,30,,,0,70,,5329,30,,,0,30,,5334,30,,,0,70,,5330,30,,,0
300,'Saturday-01',646,,5453,40,,,0,70,,5436,40,,,0,30,,5437,40,,,0,70,,5438,40,,,0,30,,5439,40,,,0,70,,5440,40,,,0,30,,5441,40,,,0,70,,5442,40,,,0,30,,5443,40,,,0,70,,5454,40,,,0,30,,5444,40,,,0,70,,5455,40,,,0,30,,5456,40,,,0,70,,5457,40,,,0,30,,5458,40,,,0,70,,5445,40,,,0,30,,5446,40,,,0,70,,5459,40,,,0,30,,5447,40,,,0,70,,5448,40,,,0,30,,5449,40,,,0,70,,5450,40,,,0,30,,5460,40,,,0,70,,5461,40,,,0,30,,5451,40,,,0,70,,5462,40,,,0,30,,5452,40,,,0,70,,5463,40,,,0,30,,5467,40,,,0,70,,5464,40,,,0,100,,5465,40,,,0,100,,5466,40,,,0,100,,5468,40,,,0
300,'Sunday-01',831,,5469,40,,,0,70,,5470,40,,,0,30,,5471,40,,,0,70,,5472,40,,,0,30,,5473,40,,,0,70,,5474,40,,,0,30,,5475,40,,,0,70,,5476,40,,,0,30,,5477,40,,,0,70,,5478,40,,,0,30,,5479,40,,,0,70,,5480,40,,,0,30,,5481,40,,,0,70,,5482,40,,,0,30,,5483,40,,,0,70,,5484,40,,,0,30,,5485,40,,,0,70,,5486,40,,,0,30,,5487,40,,,0,70,,5488,40,,,0,30,,5489,40,,,0
300,'Weekday-01',616,,5490,40,,,0,30,,5491,40,,,0,55,,5492,40,,,0,15,,5493,40,,,0,15,,5494,40,,,0,15,,5495,40,,,0,55,,5496,40,,,0,15,,5497,40,,,0,15,,5498,40,,,0,15,,5499,40,,,0,70,,5500,40,,,0,30,,5501,40,,,0,70,,5502,40,,,0,30,,5503,40,,,0,70,,5504,40,,,0,30,,5505,40,,,0,70,,5506,40,,,0,30,,5507,40,,,0,70,,5508,40,,,0,30,,5509,40,,,0,70,,5510,40,,,0,30,,5511,40,,,0,70,,5512,40,,,0,30,,5513,40,,,0,55,,5514,40,,,0,15,,5515,40,,,0,15,,5516,40,,,0,15,,5517,40,,,0,55,,5518,40,,,0,15,,5519,40,,,0,30,,5520,40,,,0,70,,5521,40,,,0,30,,5522,40,,,0,70,,5523,40,,,0,30,,5524,40,,,0,70,,5525,40,,,0,30,,5530,40,,,0,70,,5529,40,,,0,100,,5526,40,,,0,100,,5527,40,,,0,100,,5528,40,,,0
700,'Saturday-01',646,,5877,46,,,0,100,,5878,46,,,0,70,,5879,46,,,0,30,,5880,46,,,0,70,,5881,46,,,0,30,,5882,46,,,0,70,,5883,46,,,0,30,,5884,46,,,0,70,,5885,46,,,0,30,,5886,46,,,0,70,,5887,46,,,0,30,,5888,46,,,0,70,,5889,46,,,0,30,,5890,46,,,0,70,,5891,46,,,0,30,,5892,46,,,0,70,,5893,46,,,0,30,,5894,46,,,0,70,,5895,46,,,0,30,,5896,46,,,0,70,,5897,46,,,0,30,,5898,46,,,0,70,,5899,46,,,0,85,,5900,46,,,0,45,,5901,46,,,0,70,,5902,46,,,0,99,,5903,46,,,0,100,,5904,46,,,0,100,,5905,46,,,0,100,,5906,46,,,0
700,'Sunday-01',846,,5917,46,,,0,70,,5918,46,,,0,30,,5919,46,,,0,70,,5920,46,,,0,30,,5921,46,,,0,70,,5922,46,,,0,30,,5923,46,,,0,70,,5924,46,,,0,30,,5925,46,,,0,70,,5926,46,,,0,30,,5916,46,,,0,70,,5912,46,,,0,30,,5907,46,,,0,70,,5908,46,,,0,30,,5909,46,,,0,70,,5910,46,,,0,30,,5911,46,,,0,70,,5913,46,,,0,30,,5914,46,,,0,70,,5915,46,,,0
700,'Weekday-01',616,,5927,46,,,0,30,,5928,46,,,0,55,,5929,46,0,7,0,15,,5930,46,,,0,15,,5931,46,,,0,15,,5932,46,,,0,55,,5933,46,,,0,15,,5934,46,,,0,15,,5935,46,,,0,15,,5936,46,,,0,55,,5937,46,,,0,15,,5938,46,,,0,30,,5939,46,,,0,70,,5940,46,,,0,30,,5941,46,,,0,70,,5942,46,,,0,30,,5943,46,,,0,70,,5944,46,,,0,30,,5945,46,,,0,70,,5946,46,,,0,30,,5947,46,,,0,70,,5948,46,,,0,30,,5949,46,,,0,65,,5950,46,,,0,30,,5951,46,,,0,70,,5952,46,,,0,30,,5953,46,,,0,70,,5954,46,,,0,30,,5955,46,,,0,75,,5956,46,,,0,85,,5957,46,,,0,45,,5958,46,,,0,70,,5959,46,,,0,100,,5960,46,,,0,100,,5961,46,,,0,100,,5962,46,,,0,100,,5963,46,,,0
800,'Saturday-01',646,,6054,52,,,0,100,,6055,52,,,0,100,,6056,52,,,0,70,,6059,52,,,0,30,,6060,52,,,0,70,,6061,52,,,0,30,,6062,52,,,0,70,,6063,52,,,0,30,,6064,52,,,0,70,,6065,52,,,0,30,,6066,52,,,0,70,,6067,52,,,0,30,,6068,52,,,0,70,,6069,52,,,0,30,,6058,52,,,0,70,,6057,52,,,0,30,,6076,52,,,0,70,,6075,52,,,0,30,,6074,52,,,0,70,,6073,52,,,0,30,,6072,52,,,0,70,,6070,52,,,0,100,,6071,52,,,0,100,,6077,52,,,0,100,,6078,52,,,0
800,'Sunday-01',831,,6079,52,,,0,100,,6080,52,,,0,100,,6081,52,,,0,100,,6082,52,,,0,100,,6083,52,,,0,100,,6084,52,,,0,100,,6085,52,,,0,100,,6086,52,,,0,100,,6087,52,,,0,100,,6088,52,,,0,100,,6089,52,,,0
800,'Weekday-01',546,,6114,52,,,0,75,,6115,52,,,0,35,,6113,52,,,0,75,,6112,52,,,0,75,,6090,52,,,0,35,,6091,52,,,0,75,,6092,52,,,0,35,,6093,52,,,0,75,,6094,52,,,0,75,,6095,52,,,0,35,,6096,52,,,0,75,,6097,52,,,0,35,,6098,52,,,0,75,,6099,52,,,0,35,,6100,52,,,0,75,,6101,52,,,0,75,,6102,52,,,0,35,,6103,52,,,0,75,,6104,52,,,0,35,,6105,52,,,0,75,,6106,52,,,0,75,,6107,52,,,0,35,,6108,52,,,0,110,,6109,52,,,0,110,,6110,52,,,0,150,,6111,52,,,0
900,'Saturday-01',631,,6175,45,,,0,70,,6176,45,,,0,30,,6177,45,,,0,70,,6178,45,,,0,30,,6179,45,,,0,70,,6180,45,,,0,30,,6181,45,,,0,70,,6182,45,,,0,30,,6183,45,,,0,70,,6184,45,,,0,30,,6185,45,,,0,70,,6186,45,,,0,30,,6187,45,,,0,70,,6188,45,,,0,30,,6189,45,,,0,70,,6190,45,,,0,30,,6191,45,,,0,70,,6192,45,,,0,30,,6193,45,,,0,70,,6194,45,,,0,30,,6195,45,,,0,70,,6196,45,,,0,45,,6197,45,,,0,70,,6198,45,,,0,30,,6199,45,,,0,85,,6200,45,,,0,70,,6202,45,,,0,45,,6203,45,,,0,100,,6204,45,,,0,100,,6205,45,,,0,100,,6201,45,,,0
900,'Sunday-01',801,,6225,45,,,0,30,,6227,45,,,0,70,,6215,45,,,0,30,,6214,45,,,0,70,,6216,45,,,0,30,,6209,45,,,0,70,,6217,45,,,0,30,,6210,45,,,0,70,,6218,45,,,0,30,,6211,45,,,0,70,,6219,45,,,0,30,,6212,45,,,0,70,,6220,45,,,0,30,,6213,45,,,0,70,,6221,45,,,0,30,,6206,45,,,0,70,,6222,45,,,0,30,,6207,45,,,0,70,,6223,45,,,0,30,,6208,45,,,0,70,,6224,45,,,0,30,,6226,45,,,0
900,'Weekday-01',601,,6228,45,,,0,30,,6229,45,,,0,25,,6230,45,,,0,70,,6231,45,,,0,30,,6232,45,,,0,70,,6233,45,,,0,30,,6234,45,,,0,75,,6235,45,,,0,70,,6236,45,,,0,30,,6237,45,,,0,70,,6238,45,,,0,30,,6239,45,,,0,70,,6240,45,,,0,30,,6241,45,,,0,70,,6242,45,,,0,30,,6243,45,,,0,70,,6244,45,,,0,30,,6245,45,,,0,70,,6246,45,,,0,15,,6247,45,,,0,15,,6248,45,,,0,15,,6249,45,,,0,55,,6250,45,,,0,30,,6251,45,,,0,15,,6252,45,,,0,55,,6253,45,,,0,15,,6254,45,,,0,30,,6255,45,,,0,70,,6256,45,,,0,30,,6257,45,,,0,85,,6258,45,,,0,70,,6259,45,,,0,45,,6260,45,,,0,100,,6261,45,,,0,100,,6262,45,,,0,100,,6263,45,,,0
1200,'Saturday-01',646,,6492,35,,,0,100,,6493,35,,,0,100,,6494,35,,,0,70,,6495,35,,,0,30,,6496,35,,,0,70,,6497,35,,,0,30,,6498,35,,,0,70,,6499,35,,,0,30,,6500,35,,,0,70,,6501,35,,,0,30,,6502,35,,,0,70,,6503,35,,,0,30,,6504,35,,,0,70,,6505,35,,,0,30,,6506,35,,,0,70,,6507,35,,,0,30,,6508,35,,,0,70,,6509,35,,,0,30,,6510,35,,,0,70,,6515,35,,,0,30,,6516,35,,,0,70,,6511,35,,,0,100,,6512,35,,,0,100,,6517,35,,,0,100,,6518,35,,,0,100,,6519,35,,,0,100,,6520,35,,,0,100,,6521,35,,,0
1200,'Sunday-01',831,,6522,35,,,0,100,,6523,35,,,0,100,,6524,35,,,0,100,,6525,35,,,0,100,,6526,35,,,0,100,,6527,35,,,0,100,,6528,35,,,0,100,,6529,35,,,0,100,,6530,35,,,0,100,,6531,35,,,0,100,,6532,35,,,0
1200,'Weekday-01',616,,6560,35,,,0,30,,6561,35,,,0,70,,6562,35,,,0,30,,6563,35,,,0,70,,6549,35,,,0,30,,6550,35,,,0,70,,6541,35,,,0,30,,6542,35,,,0,70,,6540,35,,,0,30,,6539,35,,,0,70,,6538,35,,,0,30,,6537,35,,,0,70,,6536,35,,,0,30,,6535,35,,,0,70,,6534,35,,,0,30,,6533,35,,,0,70,,6558,35,,,0,30,,6557,35,,,0,70,,6556,35,,,0,30,,6555,35,,,0,70,,6551,35,,,0,30,,6552,35,,,0,70,,6553,35,,,0,30,,6554,35,,,0,70,,6559,35,,,0,100,,6543,35,,,0,100,,6544,35,,,0,100,,6545,35,,,0,100,,6546,35,,,0,100,,6547,35,,,0,100,,6548,35,,,0
3000,'Weekday-01',654,,7025,8,,,0,70,,7019,8,,,0,30,,7026,8,,,0,70,,7027,8,,,0,30,,7028,8,,,0,70,,7029,8,,,0,30,,7020,8,,,0,70,,7021,8,,,0,30,,7030,8,,,0,72,,7031,8,,,0,30,,7032,8,,,0,70,,7033,8,,,0,32,,7034,8,,,0,70,,7022,8,,,0,30,,7035,8,,,0,70,,7036,8,,,0,30,,7037,8,,,0,70,,7038,8,,,0,30,,7023,8,,,0,70,,7024,8,,,0,30,,7039,8,,,0
5000,'Saturday-01',637,,7251,4,,,0,100,,7252,4,,,0,100,,7253,4,,,0,70,,7254,4,,,0,30,,7255,4,,,0,70,,7256,4,,,0,30,,7257,4,,,0,70,,7258,4,,,0,30,,7259,4,,,0,70,,7260,4,,,0,30,,7261,4,,,0,70,,7262,4,,,0,30,,7263,4,,,0,70,,7264,4,,,0,30,,7265,4,,,0,70,,7266,4,,,0,30,,7267,4,,,0,70,,7268,4,,,0,30,,7269,4,,,0,70,,7270,4,,,0,30,,7271,4,,,0,70,,7272,4,,,0,30,,7273,4,,,0,70,,7274,4,,,0,30,,7275,4,,,0,70,,7276,4,,,0,31,,7277,4,,,0,70,,7278,4,,,0,39,,7279,4,,,0,100,,7280,4,,,0,100,,7281,4,,,0
5000,'Sunday-01',832,,7282,4,,,0,100,,7283,4,,,0,100,,7284,4,,,0,70,,7285,4,,,0,30,,7286,4,,,0,70,,7287,4,,,0,30,,7288,4,,,0,70,,7289,4,,,0,30,,7290,4,,,0,70,,7291,4,,,0,30,,7292,4,,,0,70,,7293,4,,,0,30,,7294,4,,,0,70,,7295,4,,,0,30,,7296,4,,,0,70,,7297,4,,,0
5000,'Weekday-01',607,,7298,4,,,0,30,,7299,4,,,0,70,,7300,4,,,0,30,,7301,4,,,0,70,,7302,4,,,0,30,,7303,4,,,0,70,,7304,4,,,0,30,,7305,4,,,0,70,,7306,4,,,0,30,,7307,4,,,0,70,,7308,4,,,0,30,,7309,4,,,0,70,,7310,4,,,0,30,,7311,4,,,0,70,,7312,4,,,0,30,,7313,4,,,0,70,,7314,4,,,0,30,,7315,4,,,0,70,,7316,4,,,0,30,,7317,4,,,0,70,,7318,4,,,0,30,,7319,4,,,0,70,,7320,4,,,0,30,,7321,4,,,0,70,,7322,4,,,0,30,,7323,4,,,0,70,,7324,4,,,0,30,,7325,4,,,0,70,,7326,4,,,0,31,,7327,4,,,0,70,,7328,4,,,0,39,,7329,4,,,0,100,,7330,4,,,0,100,,7331,4,,,0
