100,'Saturday-01',554,,5048,1,0,5,0,70,,5049,1,0,5,0,100,,5054,1,0,5,0,30,,5055,1,0,5,0,70,,5056,1,0,5,0,30,,5057,1,0,5,0,70,,5058,1,0,5,0,30,,5059,1,0,5,0,70,,5060,1,0,5,0,30,,5061,1,0,5,0,70,,5062,1,0,5,0,30,,5050,1,0,5,0,70,,5051,1,0,5,0,30,,5071,1,0,5,0,70,,5072,1,0,5,0,20,,5052,1,0,5,0,70,,5053,1,0,5,0,30,,5067,1,0,5,0,70,,5068,1,0,5,0,30,,5069,1,0,5,0,70,,5070,1,0,5,0,30,,5073,1,0,5,0,70,,5074,1,0,5,0,30,,5075,1,0,5,0,91,,5063,1,0,5,0,18,,5063,30,0,5,0,52,,5064,1,0,5,0,18,,5064,30,0,5,0,12,,5076,1,0,5,0,18,,5076,30,0,5,0,65,,5077,1,0,5,0,18,,5077,30,0,5,0,12,,5065,1,0,5,0,58,,5065,30,0,5,0,37,,5078,1,0,5,0,58,,5078,30,0,5,0,25,,5079,1,0,5,0,18,,5079,30,0,5,0,2,,5080,1,0,5,0,58,,5080,30,0,5,0,42,,5066,1,0,5,0,58,,5066,30,0,5,0,27,,5081,1,0,5,0,18,,5081,30,4,,0
100,'Sunday-01',730,,5085,1,0,5,0,21,,5085,30,0,5,0,79,,5086,1,0,5,0,21,,5086,30,0,5,0,79,,5087,1,0,5,0,21,,5087,30,0,5,0,79,,5088,1,0,5,0,21,,5088,30,0,5,0,79,,5090,1,0,5,0,21,,5090,30,0,5,0,79,,5091,1,0,5,0,21,,5091,30,0,5,0,84,,5092,1,0,5,0,21,,5092,30,0,5,0,79,,5093,1,0,5,0,21,,5093,30,0,5,0,84,,5094,1,0,5,0,61,,5094,30,0,5,0,39,,5089,1,0,5,0,61,,5089,30,0,5,0,39,,5083,1,0,5,0,61,,5083,30,0,5,0,48,,5084,1,0,5,0,61,,5084,30,4,,0
100,'Weekday-01',549,,5106,1,0,8,0,10,,5132,1,0,8,0,45,,5107,1,0,8,0,15,,5108,1,0,8,0,15,,5109,1,0,8,0,20,,5095,1,0,5,0,55,,5112,1,0,8,0,15,,5096,1,0,5,0,20,,5097,1,0,5,0,60,,5098,1,0,5,0,30,,5099,1,0,5,0,20,,5100,1,0,5,0,60,,5101,1,0,5,0,30,,5117,1,0,5,0,70,,5118,1,0,5,0,30,,5119,1,0,5,0,70,,5120,1,0,5,0,30,,5113,1,0,8,0,70,,5114,1,0,8,0,35,,5110,1,0,8,0,70,,5111,1,0,8,0,25,,5115,1,0,8,0,70,,5116,1,0,8,0,30,,5139,1,0,8,0,15,,5133,1,0,8,0,55,,5121,1,0,5,0,15,,5134,1,0,8,0,15,,5122,1,0,5,0,15,,5135,1,0,8,0,55,,5102,1,0,5,0,15,,5136,1,0,8,0,15,,5103,1,0,5,0,15,,5137,1,0,8,0,55,,5104,1,0,5,0,30,,5138,1,0,8,0,60,,5105,1,0,5,0,6,,5123,1,0,5,0,24,,5123,30,0,5,0,6,,5124,1,0,5,0,64,,5124,30,0,5,0,16,,5140,1,0,8,0,10,,5127,1,0,8,0,14,,5140,30,0,8,0,10,,5127,30,0,8,0,46,,5128,1,0,8,0,24,,5128,30,0,8,0,6,,5129,1,0,8,0,24,,5129,30,0,8,0,76,,5130,1,0,8,0,20,,5131,1,0,8,0,4,,5130,30,0,8,0,60,,5131,30,0,8,0,36,,5125,1,0,5,0,64,,5125,30,0,5,0,36,,5126,1,0,5,0,60,,5141,1,0,5,0,2,,5126,30,0,5,0,14,,5141,30,4,,0,14,,5142,1,0,5,0,16,,5142,30,4,,0
101,'Saturday-01',714,,5176,20,4,,0,30,,5144,46,4,,0,70,,5145,46,4,,0,35,,5175,42,4,,0,70,,5164,42,4,,0,30,,5165,42,4,,0,70,,5166,42,4,,0,30,,5167,42,4,,0,70,,5168,42,4,,0,30,,5169,42,4,,0,70,,5170,42,4,,0,30,,5171,42,4,,0,70,,5154,44,4,,0,25,,5146,46,4,,0,70,,5147,46,4,,0,10,,5155,44,4,,0,35,,5156,44,4,,0,75,,5148,46,4,,0,80,,5149,46,4,,0,15,,5160,44,4,,0,80,,5161,42,4,,0,30,,5162,42,4,,0,80,,5157,44,4,,0,30,,5158,44,4,,0,70,,5159,44,4,,0,99,,5172,42,4,,0,30,,5173,42,4,,0,95,,5150,46,4,,0,83,,5151,46,4,,0,20,,5163,42,4,,0,100,,5152,46,4,,0,85,,5153,46,4,,0
101,'Sunday-01',830,,5177,42,4,,0,100,,5178,44,4,,0,100,,5179,44,4,,0,100,,5180,44,4,,0,100,,5181,44,4,,0,105,,5184,46,4,,0,100,,5185,46,4,,0,105,,5186,46,4,,0,100,,5187,46,4,,0,100,,5182,44,4,,0,109,,5183,44,4,,0
101,'Weekday-01',549,,5188,9,4,,0,55,,5189,9,4,,0,30,,5236,42,4,,0,16,,5191,39,4,,0,50,,5219,42,4,,0,24,,5208,39,4,,0,20,,5192,46,4,,0,15,,5193,46,4,,0,55,,5194,46,4,,0,6,,5220,42,4,,0,9,,5195,46,4,,0,21,,5190,39,4,,0,60,,5222,42,4,,0,20,,5223,42,4,,0,70,,5235,42,4,,0,40,,5224,42,4,,0,74,,5225,42,4,,0,30,,5226,42,4,,0,70,,5227,42,4,,0,30,,5228,42,4,,0,100,,5196,46,4,,0,70,,5197,46,4,,0,30,,5198,46,4,,0,70,,5199,46,4,,0,30,,5200,46,4,,0,70,,5201,46,4,,0,11,,5209,44,4,,0,10,,5210,44,4,,0,10,,5229,42,4,,0,60,,5211,44,4,,0,14,,5230,42,4,,0,16,,5212,44,4,,0,9,,5231,42,4,,0,60,,5213,44,4,,0,6,,5232,42,4,,0,25,,5214,44,4,,0,5,,5233,42,4,,0,80,,5215,44,4,,0,10,,5234,42,4,,0,70,,5221,42,4,,0,30,,5217,42,4,,0,90,,5202,46,4,,0,20,,5203,46,4,,0,75,,5204,46,4,,0,30,,5205,46,4,,0,100,,5206,46,4,,0,65,,5207,46,4,,0,30,,5218,42,4,,0
500,'Saturday-01',712,,5788,20,,,0,100,,5789,20,,,0,100,,5790,20,,,0,100,,5791,20,,,0,100,,5792,20,,,0,100,,5793,20,,,0,100,,5794,20,,,0,100,,5795,20,,,0,100,,5796,20,,,0,100,,5797,20,,,0,100,,5798,20,,,0,102,,5799,20,,,0
500,'Weekday-01',624,,5801,20,,,0,30,,5802,20,,,0,70,,5803,20,,,0,30,,5804,20,,,0,70,,5805,20,,,0,90,,5806,20,,,0,100,,5807,20,,,0,100,,5808,20,,,0,100,,5809,20,,,0,100,,5810,20,,,0,100,,5811,20,,,0,100,,5812,20,,,0,34,,5800,7,,,0,76,,5813,20,,,0,30,,5814,20,,,0,70,,5815,20,,,0,35,,5816,20,,,0
600,'Weekday-01',639,,5849,27,,,0,70,,5850,27,,,0,30,,5851,27,,,0,70,,5852,27,,,0,30,,5853,27,,,0,70,,5861,27,4,,0,30,,5862,27,4,,0,500,,5854,27,,,0,100,,5855,27,,,0,70,,5856,27,,,0,30,,5857,27,,,0,70,,5858,27,,,0,30,,5859,27,,,0,70,,5860,27,,,0
4001,'Saturday-01',630,,7157,40,,,0,100,,7158,40,,,0,70,,7159,40,,,0,30,,7160,40,,,0,70,,7161,40,,,0,30,,7162,40,,,0,70,,7163,40,,,0,30,,7164,40,,,0,70,,7165,40,,,0,30,,7166,40,,,0,70,,7167,40,,,0,30,,7168,40,,,0,70,,7169,40,,,0,30,,7170,40,,,0,70,,7171,40,,,0,30,,7172,40,,,0,70,,7173,40,,,0,30,,7174,40,,,0,70,,7175,40,,,0,30,,7176,40,,,0,70,,7177,40,,,0,30,,7178,40,,,0,70,,7179,40,,,0,30,,7180,40,,,0,70,,7181,40,,,0,30,,7182,40,,,0,70,,7183,40,,,0,30,,7184,40,,,0,70,,7185,40,,,0,30,,7186,40,,,0,70,,7187,40,,,0,30,,7188,40,,,0,70,,7189,40,,,0,30,,7190,40,,,0,100,,7191,40,,,0
4001,'Sunday-01',830,,7193,40,,,0,70,,7194,40,,,0,30,,7195,40,,,0,70,,7196,40,,,0,30,,7197,40,,,0,70,,7198,40,,,0,30,,7199,40,,,0,70,,7200,40,,,0,30,,7201,40,,,0,70,,7202,40,,,0,30,,7203,40,,,0,70,,7204,40,,,0,30,,7205,40,,,0,70,,7206,40,,,0,30,,7207,40,,,0,70,,7208,40,,,0,30,,7209,40,,,0,70,,7210,40,,,0,30,,7211,40,,,0,70,,7212,40,,,0,30,,7213,40,,,0
4001,'Weekday-01',630,,7249,40,,,0,70,,7214,40,,,0,30,,7215,40,,,0,70,,7216,40,,,0,30,,7217,40,,,0,70,,7218,40,,,0,30,,7219,40,,,0,70,,7220,40,,,0,30,,7221,40,,,0,70,,7222,40,,,0,30,,7223,40,,,0,70,,7224,40,,,0,30,,7225,40,,,0,70,,7226,40,,,0,30,,7227,40,,,0,70,,7228,40,,,0,30,,7229,40,,,0,70,,7230,40,,,0,30,,7231,40,,,0,70,,7232,40,,,0,30,,7233,40,,,0,70,,7234,40,,,0,30,,7235,40,,,0,70,,7236,40,,,0,30,,7237,40,,,0,70,,7238,40,,,0,30,,7239,40,,,0,70,,7240,40,,,0,30,,7241,40,,,0,70,,7242,40,,,0,30,,7243,40,,,0,70,,7244,40,,,0,30,,7245,40,,,0,70,,7246,40,,,0,30,,7247,40,,,0,100,,7248,40,,,0
