100,'Saturday-01',616,,5048,28,0,5,0,30,,5049,28,0,5,0,100,,5054,28,0,5,0,70,,5055,28,0,5,0,30,,5056,28,0,5,0,70,,5057,28,0,5,0,30,,5058,28,0,5,0,70,,5059,28,0,5,0,30,,5060,28,0,5,0,70,,5061,28,0,5,0,30,,5062,28,0,5,0,55,,5082,2,0,5,0,15,,5050,28,0,5,0,30,,5051,28,0,5,0,70,,5071,28,0,5,0,30,,5072,28,0,5,0,60,,5052,28,0,5,0,30,,5053,28,0,5,0,70,,5067,28,0,5,0,30,,5068,28,0,5,0,70,,5069,28,0,5,0,30,,5070,28,0,5,0,70,,5073,28,0,5,0,30,,5074,28,0,5,0,70,,5075,28,0,5,0,109,,5063,57,0,5,0,30,,5064,57,0,5,0,70,,5076,57,0,5,0,43,,5077,57,0,5,0,70,,5065,57,0,5,0,95,,5078,57,0,5,0,85,,5079,57,0,5,0,18,,5080,57,0,5,0,105,,5066,57,0,5,0
100,'Sunday-01',813,,5085,57,0,5,0,100,,5086,57,0,5,0,100,,5087,57,0,5,0,100,,5088,57,0,5,0,100,,5090,57,0,5,0,100,,5091,57,0,5,0,105,,5092,57,0,5,0,100,,5093,57,0,5,0,105,,5094,57,0,5,0,100,,5089,57,0,5,0,108,,5083,57,0,5,0
100,'Weekday-01',601,,5143,2,0,5,0,15,,5106,28,0,8,0,10,,5132,28,0,8,0,5,,5107,28,0,8,0,15,,5108,28,0,8,0,55,,5109,28,0,8,0,20,,5095,28,0,5,0,15,,5112,28,0,8,0,15,,5096,28,0,5,0,60,,5097,28,0,5,0,20,,5098,28,0,5,0,70,,5099,28,0,5,0,20,,5100,28,0,5,0,20,,5101,28,0,5,0,75,,5117,30,0,5,0,30,,5118,30,0,5,0,70,,5119,30,0,5,0,30,,5120,30,0,5,0,70,,5113,30,0,8,0,30,,5114,30,0,8,0,70,,5110,28,0,8,0,30,,5111,28,0,8,0,70,,5115,30,0,8,0,30,,5116,30,0,8,0,70,,5139,30,0,8,0,10,,5133,28,0,8,0,20,,5121,30,0,5,0,10,,5134,28,0,8,0,60,,5122,30,0,5,0,10,,5135,28,0,8,0,15,,5102,28,0,5,0,15,,5136,28,0,8,0,55,,5103,28,0,5,0,15,,5137,28,0,8,0,15,,5104,28,0,5,0,70,,5138,28,0,8,0,20,,5105,28,0,5,0,70,,5123,57,0,5,0,30,,5124,57,0,5,0,75,,5140,57,0,8,0,10,,5127,57,0,8,0,35,,5128,57,0,8,0,70,,5129,57,0,8,0,100,,5130,57,0,8,0,20,,5131,57,0,8,0,100,,5125,57,0,5,0,88,,5126,57,0,5,0
201,'Saturday-01',646,,5335,36,,,0,70,,5336,36,,,0,30,,5337,36,,,0,70,,5338,36,,,0,30,,5339,36,,,0,70,,5340,36,,,0,30,,5341,36,,,0,70,,5342,36,,,0,30,,5343,36,,,0,70,,5344,36,,,0,30,,5345,36,,,0,70,,5346,36,,,0,30,,5347,36,,,0,70,,5348,36,,,0,30,,5349,36,,,0,70,,5350,36,,,0,30,,5351,36,,,0,70,,5352,36,,,0,30,,5353,36,,,0,70,,5354,36,,,0,30,,5355,36,,,0,70,,5356,36,,,0,30,,5357,36,,,0,70,,5358,36,,,0,30,,5359,36,,,0,70,,5360,36,,,0,30,,5361,36,,,0,70,,5362,36,,,0,29,,5363,36,,,0,71,,5364,36,,,0,100,,5365,36,,,0,100,,5366,36,,,0,100,,5367,36,,,0
201,'Sunday-01',831,,5368,36,,,0,70,,5369,36,,,0,30,,5370,36,,,0,70,,5371,36,,,0,30,,5372,36,,,0,70,,5373,36,,,0,30,,5374,36,,,0,70,,5375,36,,,0,30,,5376,36,,,0,70,,5377,36,,,0,30,,5378,36,,,0,70,,5379,36,,,0,30,,5380,36,,,0,70,,5381,36,,,0,30,,5382,36,,,0,70,,5383,36,,,0,30,,5384,36,,,0,70,,5385,36,,,0,30,,5386,36,,,0,70,,5387,36,,,0
201,'Weekday-01',616,,5390,36,,,0,30,,5391,36,,,0,55,,5392,36,,,0,15,,5393,36,,,0,15,,5394,36,,,0,15,,5395,36,,,0,55,,5396,36,,,0,15,,5429,36,,,0,15,,5397,36,,,0,15,,5398,36,,,0,70,,5428,36,,,0,30,,5399,36,,,0,70,,5400,36,,,0,30,,5401,36,,,0,70,,5402,36,,,0,30,,5403,36,,,0,70,,5404,36,,,0,30,,5405,36,,,0,70,,5406,36,,,0,25,,5407,36,,,0,70,,5408,36,,,0,35,,5409,36,,,0,70,,5410,36,,,0,15,,5411,36,,,0,15,,5412,36,,,0,55,,5413,36,,,0,15,,5414,36,,,0,15,,5415,36,,,0,15,,5416,36,,,0,55,,5417,36,,,0,15,,5418,36,,,0,30,,5419,36,,,0,70,,5420,36,,,0,30,,5421,36,,,0,70,,5422,36,,,0,30,,5423,36,,,0,70,,5424,36,,,0,30,,5425,36,,,0,70,,5426,36,,,0,30,,5427,36,,,0,70,,5431,36,,,0,30,,5432,36,,,0,70,,5433,36,,,0,30,,5434,36,,,0,70,,5435,36,,,0
301,'Saturday-01',705,,5554,14,,,0,30,,5531,14,,,0,70,,5532,14,,,0,30,,5533,14,,,0,70,,5534,14,,,0,30,,5535,14,,,0,70,,5536,14,,,0,30,,5537,14,,,0,70,,5538,14,,,0,30,,5555,14,,,0,70,,5539,14,,,0,30,,5556,14,,,0,70,,5557,14,,,0,30,,5558,14,,,0,70,,5559,14,,,0,30,,5540,14,,,0,70,,5541,14,,,0,30,,5560,14,,,0,70,,5542,14,,,0,30,,5543,14,,,0,70,,5544,14,,,0,30,,5545,14,,,0,70,,5561,14,,,0,30,,5562,14,,,0,80,,5546,13,,,0,30,,5547,13,,,0,70,,5548,13,,,0,30,,5549,13,,,0,70,,5550,13,,,0,100,,5551,13,,,0,100,,5552,13,,,0,100,,5553,13,,,0
301,'Sunday-01',830,,5563,14,,,0,70,,5574,14,,,0,30,,5575,14,,,0,70,,5576,14,,,0,30,,5577,14,,,0,70,,5578,14,,,0,30,,5579,14,,,0,70,,5580,14,,,0,30,,5581,14,,,0,70,,5582,14,,,0,30,,5583,14,,,0,70,,5564,14,,,0,30,,5565,14,,,0,70,,5566,14,,,0,30,,5567,14,,,0,70,,5568,14,,,0,30,,5569,14,,,0,70,,5570,14,,,0,30,,5571,14,,,0,70,,5572,14,,,0,30,,5573,14,,,0
301,'Weekday-01',600,,5584,14,,,0,30,,5585,14,,,0,70,,5586,14,,,0,15,,5587,14,,,0,15,,5588,14,,,0,15,,5589,14,,,0,55,,5590,14,,,0,15,,5591,14,,,0,15,,5592,14,,,0,70,,5593,14,,,0,30,,5594,14,,,0,70,,5595,14,,,0,30,,5596,14,,,0,70,,5597,14,,,0,30,,5598,14,,,0,70,,5599,14,,,0,30,,5600,14,,,0,70,,5601,14,,,0,30,,5602,14,,,0,70,,5603,14,,,0,30,,5604,14,,,0,70,,5605,14,,,0,15,,5606,14,,,0,15,,5607,14,,,0,15,,5608,14,,,0,55,,5609,14,,,0,30,,5610,14,,,0,15,,5611,14,,,0,55,,5612,14,,,0,15,,5613,14,,,0,30,,5614,14,,,0,70,,5615,13,,,0,30,,5616,13,,,0,70,,5617,13,,,0,30,,5618,13,,,0,70,,5619,13,,,0,30,,5620,13,,,0,70,,5621,13,,,0,30,,5625,13,,,0,70,,5624,14,,,0,100,,5622,13,,,0,100,,5623,13,,,0
500,'Saturday-01',701,,5788,2,,,0,100,,5789,2,,,0,100,,5790,2,,,0,100,,5791,2,,,0,100,,5792,2,,,0,100,,5793,2,,,0,100,,5794,2,,,0,100,,5795,2,,,0,100,,5796,2,,,0,100,,5797,2,,,0,100,,5798,2,,,0,100,,5799,2,,,0
500,'Weekday-01',611,,5801,2,,,0,30,,5802,2,,,0,70,,5803,2,,,0,30,,5804,2,,,0,70,,5805,2,,,0,90,,5806,2,,,0,100,,5807,2,,,0,100,,5808,2,,,0,100,,5809,2,,,0,100,,5810,2,,,0,100,,5811,2,,,0,100,,5812,2,,,0,110,,5813,2,,,0,30,,5814,2,,,0,70,,5815,2,,,0,35,,5816,2,,,0
701,'Saturday-01',631,,5964,55,,,0,100,,5965,55,,,0,70,,5966,55,,,0,30,,5967,55,,,0,70,,5968,55,,,0,30,,5969,55,,,0,70,,5970,55,,,0,30,,5971,55,,,0,70,,5972,55,,,0,30,,5973,55,,,0,70,,5974,55,,,0,30,,5975,55,,,0,70,,5976,55,,,0,30,,5977,55,,,0,70,,5978,55,,,0,30,,5979,55,,,0,70,,5980,55,,,0,30,,5981,55,,,0,70,,5982,55,,,0,30,,5983,55,,,0,70,,5984,55,,,0,30,,5985,55,,,0,70,,5986,55,,,0,30,,5987,55,,,0,70,,5988,55,,,0,100,,5991,55,,,0,45,,5992,55,,,0,70,,5993,55,,,0,100,,5994,55,,,0,100,,5995,55,,,0,100,,5990,55,,,0
701,'Sunday-01',831,,5996,55,,,0,70,,5997,55,,,0,30,,5998,55,,,0,70,,5999,55,,,0,30,,6000,55,,,0,70,,6001,55,,,0,30,,6002,55,,,0,70,,6003,55,,,0,30,,6004,55,,,0,70,,6005,55,,,0,30,,6006,55,,,0,70,,6007,55,,,0,30,,6008,55,,,0,70,,6009,55,,,0,30,,6010,55,,,0,70,,6011,55,,,0,30,,6012,55,,,0,70,,6013,55,,,0,30,,6014,55,,,0,70,,6015,55,,,0,30,,6016,55,,,0
701,'Weekday-01',601,,6017,55,,,0,30,,6018,55,,,0,70,,6019,55,,,0,20,,6020,55,,,0,10,,6021,55,,,0,15,,6022,55,,,0,55,,6023,55,,,0,15,,6024,55,,,0,15,,6025,55,,,0,70,,6026,55,,,0,30,,6027,55,,,0,70,,6028,55,,,0,30,,6029,55,,,0,70,,6030,55,,,0,30,,6031,55,,,0,70,,6032,55,,,0,30,,6033,55,,,0,70,,6034,55,,,0,30,,6035,55,,,0,70,,6036,55,,,0,30,,6037,55,,,0,70,,6038,55,,,0,30,,6039,55,,,0,70,,6040,55,,,0,25,,6041,55,,,0,30,,6042,55,,,0,75,,6043,55,,,0,70,,6044,55,,,0,30,,6045,55,,,0,70,,6046,55,,,0,100,,6047,55,,,0,45,,6048,55,,,0,70,,6049,55,,,0,100,,6050,55,,,0,100,,6051,55,,,0,100,,6052,55,,,0
801,'Saturday-01',650,,6118,47,,,0,100,,6119,47,,,0,100,,6120,47,,,0,100,,6121,47,,,0,70,,6122,47,,,0,30,,6123,47,,,0,70,,6124,47,,,0,30,,6125,47,,,0,70,,6126,47,,,0,30,,6127,47,,,0,70,,6128,47,,,0,30,,6129,47,,,0,70,,6130,47,,,0,30,,6131,47,,,0,70,,6132,47,,,0,30,,6133,47,,,0,70,,6134,47,,,0,30,,6135,47,,,0,70,,6136,47,,,0,30,,6137,47,,,0,65,,6117,47,,,0,100,,6116,47,,,0,100,,6139,47,,,0,100,,6138,47,,,0
801,'Sunday-01',830,,6140,47,,,0,100,,6141,47,,,0,100,,6142,47,,,0,100,,6143,47,,,0,100,,6144,47,,,0,100,,6145,47,,,0,100,,6146,47,,,0,100,,6147,47,,,0,100,,6148,47,,,0,100,,6149,47,,,0,100,,6150,47,,,0
801,'Weekday-01',555,,6151,47,,,0,75,,6152,47,,,0,75,,6153,47,,,0,35,,6154,47,,,0,75,,6155,47,,,0,35,,6156,47,,,0,75,,6157,47,,,0,75,,6158,47,,,0,35,,6159,47,,,0,75,,6160,47,,,0,35,,6161,47,,,0,75,,6162,47,,,0,35,,6163,47,,,0,75,,6164,47,,,0,75,,6165,47,,,0,35,,6166,47,,,0,75,,6167,47,,,0,35,,6168,47,,,0,75,,6169,47,,,0,75,,6170,47,,,0,35,,6171,47,,,0,110,,6172,47,,,0,110,,6173,47,,,0,150,,6174,47,,,0
901,'Saturday-01',646,,6264,36,,,0,70,,6265,36,,,0,30,,6266,36,,,0,70,,6267,36,,,0,30,,6268,36,,,0,70,,6269,36,,,0,30,,6270,36,,,0,70,,6271,36,,,0,30,,6272,36,,,0,70,,6273,36,,,0,30,,6274,36,,,0,70,,6275,36,,,0,30,,6276,36,,,0,70,,6277,36,,,0,30,,6278,36,,,0,70,,6279,36,,,0,30,,6280,36,,,0,70,,6281,36,,,0,30,,6282,36,,,0,70,,6283,36,,,0,30,,6284,36,,,0,70,,6285,36,,,0,30,,6286,36,,,0,70,,6287,36,,,0,85,,6288,36,,,0,45,,6289,36,,,0,85,,6290,36,,,0,70,,6291,36,,,0,45,,6292,36,,,0,100,,6293,36,,,0,100,,6294,36,,,0
901,'Sunday-01',816,,6313,36,,,0,30,,6303,36,,,0,70,,6314,36,,,0,30,,6304,36,,,0,70,,6315,36,,,0,30,,6305,36,,,0,70,,6295,36,,,0,30,,6306,36,,,0,70,,6296,36,,,0,30,,6307,36,,,0,70,,6297,36,,,0,30,,6308,36,,,0,70,,6298,36,,,0,30,,6309,36,,,0,70,,6299,36,,,0,30,,6310,36,,,0,70,,6300,36,,,0,30,,6311,36,,,0,70,,6301,36,,,0,30,,6312,36,,,0,70,,6302,36,,,0
901,'Weekday-01',611,,6316,36,,,0,30,,6317,36,,,0,70,,6318,36,,,0,30,,6319,36,,,0,70,,6320,36,,,0,35,,6321,36,,,0,70,,6322,36,,,0,30,,6323,36,,,0,70,,6324,36,,,0,30,,6325,36,,,0,70,,6326,36,,,0,30,,6327,36,,,0,70,,6328,36,,,0,30,,6329,36,,,0,70,,6330,36,,,0,30,,6331,36,,,0,70,,6332,36,,,0,30,,6333,36,,,0,70,,6334,36,,,0,15,,6335,36,,,0,15,,6336,36,,,0,55,,6337,36,,,0,15,,6338,36,,,0,15,,6339,36,,,0,15,,6340,36,,,0,55,,6341,36,,,0,15,,6342,36,,,0,30,,6343,36,,,0,70,,6344,36,,,0,85,,6345,36,,,0,45,,6346,36,,,0,85,,6347,36,,,0,70,,6348,36,,,0,45,,6349,36,,,0,100,,6350,36,,,0,100,,6351,36,,,0
1000,'Saturday-01',645,,6352,18,,,0,100,,6353,18,,,0,100,,6354,18,,,0,70,,6355,18,,,0,30,,6356,18,,,0,70,,6357,18,,,0,30,,6358,18,,,0,70,,6359,18,,,0,30,,6360,18,,,0,70,,6361,18,,,0,30,,6362,18,,,0,70,,6363,18,,,0,30,,6364,18,,,0,70,,6365,18,,,0,30,,6366,18,,,0,70,,6367,18,,,0,30,,6368,18,,,0,70,,6369,18,,,0,30,,6370,18,,,0,70,,6371,18,,,0,30,,6372,18,,,0,70,,6373,18,,,0,85,,6374,18,,,0,45,,6375,18,,,0,85,,6376,18,,,0,85,,6377,18,,,0,100,,6378,18,,,0
1000,'Sunday-01',830,,6379,18,,,0,100,,6380,18,,,0,100,,6381,18,,,0,100,,6382,18,,,0,100,,6383,18,,,0,100,,6384,18,,,0,100,,6385,18,,,0,100,,6386,18,,,0,100,,6387,18,,,0,100,,6388,18,,,0,100,,6389,18,,,0
1000,'Weekday-01',615,,6408,18,,,0,30,,6409,18,,,0,70,,6410,18,,,0,30,,6411,18,,,0,70,,6412,18,,,0,30,,6390,18,,,0,70,,6391,18,,,0,30,,6392,18,,,0,70,,6393,18,,,0,30,,6394,18,,,0,70,,6395,18,,,0,30,,6396,18,,,0,70,,6397,18,,,0,30,,6398,18,,,0,70,,6399,18,,,0,30,,6400,18,,,0,70,,6401,18,,,0,30,,6413,18,,,0,70,,6414,18,,,0,30,,6415,18,,,0,70,,6416,18,,,0,30,,6417,18,,,0,70,,6418,18,,,0,30,,6419,18,,,0,70,,6402,18,,,0,85,,6403,18,,,0,45,,6404,18,,,0,85,,6405,18,,,0,85,,6406,18,,,0,100,,6407,18,,,0
1001,'Saturday-01',642,,6420,38,,,0,100,,6421,38,,,0,99,,6422,38,,,0,70,,6423,38,,,0,30,,6424,38,,,0,70,,6425,38,,,0,30,,6426,38,,,0,70,,6427,38,,,0,30,,6428,38,,,0,70,,6429,38,,,0,30,,6430,38,,,0,70,,6431,38,,,0,30,,6432,38,,,0,70,,6433,38,,,0,30,,6434,38,,,0,70,,6435,38,,,0,30,,6436,38,,,0,70,,6437,38,,,0,30,,6438,38,,,0,70,,6439,38,,,0,30,,6440,38,,,0,71,,6441,38,,,0,104,,6442,38,,,0,85,,6443,38,,,0,45,,6444,38,,,0,70,,6445,38,,,0,101,,6446,38,,,0
1001,'Sunday-01',831,,6448,38,,,0,100,,6449,38,,,0,100,,6450,38,,,0,100,,6451,38,,,0,100,,6452,38,,,0,100,,6453,38,,,0,100,,6454,38,,,0,100,,6455,38,,,0,100,,6456,38,,,0,100,,6457,38,,,0,100,,6458,38,,,0
1001,'Weekday-01',611,,6490,8,,,0,30,,6477,49,,,0,70,,6478,49,,,0,30,,6479,49,,,0,70,,6480,49,,,0,30,,6481,49,,,0,70,,6482,49,,,0,30,,6459,38,,,0,70,,6460,38,,,0,30,,6461,38,,,0,70,,6462,38,,,0,30,,6463,38,,,0,70,,6464,38,,,0,30,,6465,38,,,0,70,,6466,38,,,0,30,,6467,38,,,0,70,,6468,38,,,0,30,,6469,38,,,0,70,,6470,38,,,0,30,,6471,38,,,0,70,,6483,49,,,0,30,,6484,49,,,0,70,,6485,49,,,0,30,,6486,49,,,0,70,,6487,49,,,0,20,,6488,49,,,0,85,,6472,38,,,0,85,,6473,38,,,0,45,,6474,38,,,0,70,,6475,38,,,0,101,,6476,38,,,0
1201,'Saturday-01',646,,6564,39,,,0,100,,6565,39,,,0,100,,6566,39,,,0,70,,6570,49,,,0,30,,6571,49,,,0,70,,6572,49,,,0,30,,6573,49,,,0,70,,6574,49,,,0,30,,6575,49,,,0,70,,6576,49,,,0,30,,6577,49,,,0,70,,6578,49,,,0,30,,6579,49,,,0,70,,6580,49,,,0,30,,6581,49,,,0,70,,6582,49,,,0,30,,6583,49,,,0,70,,6584,49,,,0,30,,6585,49,,,0,70,,6586,49,,,0,30,,6569,49,,,0,70,,6568,49,,,0,100,,6567,36,,,0,100,,6590,36,,,0,100,,6591,36,,,0,100,,6587,36,,,0,100,,6588,36,,,0,100,,6589,36,,,0
1201,'Sunday-01',831,,6592,39,,,0,100,,6593,39,,,0,100,,6594,39,,,0,100,,6595,39,,,0,100,,6596,39,,,0,100,,6597,39,,,0,100,,6598,39,,,0,100,,6599,39,,,0,100,,6600,39,,,0,100,,6601,39,,,0,100,,6602,39,,,0
1201,'Weekday-01',616,,6633,2,,,0,30,,6628,46,,,0,70,,6629,46,,,0,30,,6630,46,,,0,70,,6631,46,,,0,30,,6632,46,,,0,70,,6609,49,,,0,30,,6620,49,,,0,70,,6621,49,,,0,30,,6622,49,,,0,70,,6623,49,,,0,30,,6624,49,,,0,70,,6625,49,,,0,30,,6626,49,,,0,70,,6627,49,,,0,30,,6610,49,,,0,70,,6611,49,,,0,30,,6612,49,,,0,70,,6613,49,,,0,30,,6619,49,,,0,70,,6614,49,,,0,30,,6615,49,,,0,70,,6616,49,,,0,30,,6617,49,,,0,70,,6618,49,,,0,100,,6603,36,,,0,100,,6604,36,,,0,100,,6605,36,,,0,100,,6606,36,,,0,100,,6607,36,,,0,100,,6608,36,,,0
3001,'Weekday-01',733,,7046,8,,,0,70,,7040,8,,,0,30,,7047,8,,,0,70,,7048,8,,,0,30,,7049,8,,,0,70,,7050,8,,,0,30,,7041,8,,,0,70,,7042,8,,,0,30,,7051,8,,,0,78,,7052,8,,,0,30,,7053,8,,,0,70,,7054,8,,,0,30,,7055,8,,,0,70,,7043,8,,,0,30,,7056,8,,,0,70,,7057,8,,,0,30,,7058,8,,,0,70,,7059,8,,,0,30,,7044,8,,,0,70,,7045,8,,,0,30,,7060,8,,,0
5000,'Saturday-01',636,,7251,2,,,0,100,,7252,2,,,0,100,,7253,2,,,0,70,,7254,2,,,0,30,,7255,2,,,0,70,,7256,2,,,0,30,,7257,2,,,0,70,,7258,2,,,0,30,,7259,2,,,0,70,,7260,2,,,0,30,,7261,2,,,0,70,,7262,2,,,0,30,,7263,2,,,0,70,,7264,2,,,0,30,,7265,2,,,0,70,,7266,2,,,0,30,,7267,2,,,0,70,,7268,2,,,0,30,,7269,2,,,0,70,,7270,2,,,0,30,,7271,2,,,0,70,,7272,2,,,0,30,,7273,2,,,0,70,,7274,2,,,0,30,,7275,2,,,0,70,,7276,2,,,0,30,,7277,2,,,0,70,,7278,2,,,0,40,,7279,2,,,0,100,,7280,2,,,0,100,,7281,2,,,0
5000,'Sunday-01',831,,7282,2,,,0,100,,7283,2,,,0,100,,7284,2,,,0,70,,7285,2,,,0,30,,7286,2,,,0,70,,7287,2,,,0,30,,7288,2,,,0,70,,7289,2,,,0,30,,7290,2,,,0,70,,7291,2,,,0,30,,7292,2,,,0,70,,7293,2,,,0,30,,7294,2,,,0,70,,7295,2,,,0,30,,7296,2,,,0,70,,7297,2,,,0
5000,'Weekday-01',606,,7298,2,,,0,30,,7299,2,,,0,70,,7300,2,,,0,30,,7301,2,,,0,70,,7302,2,,,0,30,,7303,2,,,0,70,,7304,2,,,0,30,,7305,2,,,0,70,,7306,2,,,0,30,,7307,2,,,0,70,,7308,2,,,0,30,,7309,2,,,0,70,,7310,2,,,0,30,,7311,2,,,0,70,,7312,2,,,0,30,,7313,2,,,0,70,,7314,2,,,0,30,,7315,2,,,0,70,,7316,2,,,0,30,,7317,2,,,0,70,,7318,2,,,0,30,,7319,2,,,0,70,,7320,2,,,0,30,,7321,2,,,0,70,,7322,2,,,0,30,,7323,2,,,0,70,,7324,2,,,0,30,,7325,2,,,0,70,,7326,2,,,0,30,,7327,2,,,0,70,,7328,2,,,0,40,,7329,2,,,0,100,,7330,2,,,0,100,,7331,2,,,0
