201,'Saturday-01',650,,5335,42,,,0,70,,5336,42,,,0,30,,5337,42,,,0,70,,5338,42,,,0,30,,5339,42,,,0,70,,5340,42,,,0,30,,5341,42,,,0,70,,5342,42,,,0,30,,5343,42,,,0,70,,5344,42,,,0,30,,5345,42,,,0,70,,5346,42,,,0,30,,5347,42,,,0,70,,5348,42,,,0,30,,5349,42,,,0,70,,5350,42,,,0,30,,5351,42,,,0,70,,5352,42,,,0,30,,5353,42,,,0,70,,5354,42,,,0,30,,5355,42,,,0,70,,5356,42,,,0,30,,5357,42,,,0,70,,5358,42,,,0,30,,5359,42,,,0,70,,5360,42,,,0,30,,5361,42,,,0,70,,5362,42,,,0,29,,5363,42,,,0,71,,5364,42,,,0,100,,5365,42,,,0,100,,5366,42,,,0,100,,5367,42,,,0
201,'Sunday-01',836,,5368,42,,,0,70,,5369,42,,,0,30,,5370,42,,,0,70,,5371,42,,,0,30,,5372,42,,,0,70,,5373,42,,,0,30,,5374,42,,,0,70,,5375,42,,,0,30,,5376,42,,,0,70,,5377,42,,,0,30,,5378,42,,,0,70,,5379,42,,,0,30,,5380,42,,,0,70,,5381,42,,,0,30,,5382,42,,,0,70,,5383,42,,,0,30,,5384,42,,,0,70,,5385,42,,,0,30,,5386,42,,,0,70,,5387,42,,,0
201,'Weekday-01',620,,5390,42,,,0,30,,5391,42,,,0,55,,5392,42,,,0,15,,5393,42,,,0,15,,5394,42,,,0,15,,5395,42,,,0,55,,5396,42,,,0,15,,5429,42,,,0,15,,5397,42,,,0,15,,5398,42,,,0,70,,5428,42,,,0,30,,5399,42,,,0,70,,5400,42,,,0,30,,5401,42,,,0,70,,5402,42,,,0,30,,5403,42,,,0,70,,5404,42,,,0,30,,5405,42,,,0,70,,5406,42,,,0,25,,5407,42,,,0,70,,5408,42,,,0,35,,5409,42,,,0,70,,5410,42,,,0,15,,5411,42,,,0,15,,5412,42,,,0,55,,5413,42,,,0,15,,5414,42,,,0,15,,5415,42,,,0,15,,5416,42,,,0,55,,5417,42,,,0,15,,5418,42,,,0,30,,5419,42,,,0,70,,5420,42,,,0,30,,5421,42,,,0,70,,5422,42,,,0,30,,5423,42,,,0,70,,5424,42,,,0,30,,5425,42,,,0,70,,5426,42,,,0,30,,5427,42,,,0,70,,5431,42,,,0,30,,5432,42,,,0,70,,5433,42,,,0,30,,5434,42,,,0,70,,5435,42,,,0
500,'Saturday-01',704,,5788,8,,,0,100,,5789,8,,,0,100,,5790,8,,,0,100,,5791,8,,,0,100,,5792,8,,,0,100,,5793,8,,,0,100,,5794,8,,,0,100,,5795,8,,,0,100,,5796,8,,,0,100,,5797,8,,,0,100,,5798,8,,,0,101,,5799,8,,,0
500,'Weekday-01',615,,5801,8,,,0,30,,5802,8,,,0,70,,5803,8,,,0,30,,5804,8,,,0,70,,5805,8,,,0,90,,5806,8,,,0,100,,5807,8,,,0,100,,5808,8,,,0,100,,5809,8,,,0,100,,5810,8,,,0,100,,5811,8,,,0,100,,5812,8,,,0,110,,5813,8,,,0,30,,5814,8,,,0,70,,5815,8,,,0,35,,5816,8,,,0
1000,'Saturday-01',655,,6352,27,,,0,100,,6353,27,,,0,100,,6354,27,,,0,70,,6355,27,,,0,30,,6356,27,,,0,70,,6357,27,,,0,30,,6358,27,,,0,70,,6359,27,,,0,30,,6360,27,,,0,70,,6361,27,,,0,30,,6362,27,,,0,70,,6363,27,,,0,30,,6364,27,,,0,70,,6365,27,,,0,30,,6366,27,,,0,70,,6367,27,,,0,30,,6368,27,,,0,70,,6369,27,,,0,30,,6370,27,,,0,70,,6371,27,,,0,30,,6372,27,,,0,70,,6373,27,,,0,85,,6374,27,,,0,45,,6375,27,,,0,82,,6376,27,,,0,87,,6377,27,,,0,100,,6378,27,,,0
1000,'Sunday-01',839,,6379,27,,,0,100,,6380,27,,,0,100,,6381,27,,,0,100,,6382,27,,,0,100,,6383,27,,,0,100,,6384,27,,,0,100,,6385,27,,,0,100,,6386,27,,,0,100,,6387,27,,,0,100,,6388,27,,,0,100,,6389,27,,,0
1000,'Weekday-01',625,,6408,27,,,0,30,,6409,27,,,0,70,,6410,27,,,0,30,,6411,27,,,0,70,,6412,27,,,0,30,,6390,27,,,0,70,,6391,27,,,0,30,,6392,27,,,0,70,,6393,27,,,0,30,,6394,27,,,0,70,,6395,27,,,0,30,,6396,27,,,0,70,,6397,27,,,0,30,,6398,27,,,0,70,,6399,27,,,0,30,,6400,27,,,0,70,,6401,27,,,0,31,,6413,27,,,0,70,,6414,27,,,0,30,,6415,27,,,0,70,,6416,27,,,0,30,,6417,27,,,0,70,,6418,27,,,0,30,,6419,27,,,0,69,,6402,27,,,0,85,,6403,27,,,0,45,,6404,27,,,0,82,,6405,27,,,0,87,,6406,27,,,0,100,,6407,27,,,0
4001,'Saturday-01',625,,7157,38,,,0,100,,7158,38,,,0,30,,7159,38,,,0,70,,7160,38,,,0,30,,7161,38,,,0,70,,7162,38,,,0,30,,7163,38,,,0,70,,7164,38,,,0,30,,7165,38,,,0,70,,7166,38,,,0,30,,7167,38,,,0,70,,7168,38,,,0,30,,7169,38,,,0,70,,7170,38,,,0,30,,7171,38,,,0,70,,7172,38,,,0,30,,7173,38,,,0,70,,7174,38,,,0,30,,7175,38,,,0,70,,7176,38,,,0,30,,7177,38,,,0,70,,7178,38,,,0,30,,7179,38,,,0,70,,7180,38,,,0,30,,7181,38,,,0,70,,7182,38,,,0,30,,7183,38,,,0,70,,7184,38,,,0,30,,7185,38,,,0,70,,7186,38,,,0,30,,7187,38,,,0,70,,7188,38,,,0,30,,7189,38,,,0,70,,7190,38,,,0,100,,7191,38,,,0
4001,'Sunday-01',825,,7193,38,,,0,30,,7194,38,,,0,70,,7195,38,,,0,30,,7196,38,,,0,70,,7197,38,,,0,30,,7198,38,,,0,70,,7199,38,,,0,30,,7200,38,,,0,70,,7201,38,,,0,30,,7202,38,,,0,70,,7203,38,,,0,30,,7204,38,,,0,70,,7205,38,,,0,30,,7206,38,,,0,70,,7207,38,,,0,30,,7208,38,,,0,70,,7209,38,,,0,30,,7210,38,,,0,70,,7211,38,,,0,30,,7212,38,,,0,70,,7213,38,,,0
4001,'Weekday-01',625,,7249,38,,,0,30,,7214,38,,,0,70,,7215,38,,,0,30,,7216,38,,,0,70,,7217,38,,,0,30,,7218,38,,,0,70,,7219,38,,,0,30,,7220,38,,,0,70,,7221,38,,,0,30,,7222,38,,,0,70,,7223,38,,,0,30,,7224,38,,,0,70,,7225,38,,,0,30,,7226,38,,,0,70,,7227,38,,,0,30,,7228,38,,,0,70,,7229,38,,,0,30,,7230,38,,,0,70,,7231,38,,,0,30,,7232,38,,,0,70,,7233,38,,,0,30,,7234,38,,,0,70,,7235,38,,,0,30,,7236,38,,,0,70,,7237,38,,,0,30,,7238,38,,,0,70,,7239,38,,,0,30,,7240,38,,,0,70,,7241,38,,,0,30,,7242,38,,,0,70,,7243,38,,,0,30,,7244,38,,,0,70,,7245,38,,,0,30,,7246,38,,,0,70,,7247,38,,,0,100,,7248,38,,,0
