401,'Saturday-01',638,,5708,26,,,0,75,,5707,26,,,0,35,,5709,26,,,0,75,,5710,26,,,0,35,,5711,26,,,0,75,,5712,26,,,0,75,,5713,26,,,0,35,,5714,26,,,0,75,,5715,26,,,0,35,,5716,26,,,0,75,,5717,26,,,0,75,,5718,26,,,0,35,,5719,26,,,0,75,,5720,26,,,0,35,,5721,26,,,0,75,,5722,26,,,0,35,,5723,26,,,0,75,,5724,26,,,0,75,,5725,26,,,0,35,,5726,26,,,0,75,,5727,26,,,0,35,,5728,26,,,0,75,,5729,26,,,0,75,,5730,26,,,0,35,,5731,26,,,0,75,,5732,26,,,0,100,,5733,26,,,0,100,,5734,26,,,0,100,,5735,26,,,0
401,'Sunday-01',828,,5736,26,,,0,30,,5737,26,,,0,75,,5738,26,,,0,75,,5739,26,,,0,35,,5740,26,,,0,75,,5741,26,,,0,35,,5742,26,,,0,75,,5743,26,,,0,75,,5744,26,,,0,35,,5745,26,,,0,75,,5746,26,,,0,35,,5747,26,,,0,75,,5748,26,,,0,35,,5749,26,,,0,75,,5750,26,,,0,75,,5751,26,,,0,35,,5752,26,,,0,85,,5753,26,,,0
401,'Weekday-01',552,,5754,26,,,0,70,,5755,26,,,0,30,,5756,26,,,0,70,,5757,26,,,0,30,,5758,26,,,0,70,,5759,26,,,0,30,,5760,26,,,0,70,,5761,26,,,0,30,,5762,26,,,0,70,,5763,26,,,0,30,,5764,26,,,0,70,,5765,26,,,0,30,,5766,26,,,0,70,,5767,26,,,0,30,,5768,26,,,0,70,,5769,26,,,0,30,,5770,26,,,0,70,,5771,26,,,0,30,,5772,26,,,0,70,,5773,26,,,0,30,,5774,26,,,0,70,,5775,26,,,0,30,,5776,26,,,0,70,,5777,26,,,0,30,,5778,26,,,0,69,,5779,26,,,0,92,,5780,26,,,0,25,,5781,26,,,0,70,,5782,26,,,0,30,,5783,26,,,0,75,,5784,26,,,0,100,,5785,26,,,0,100,,5786,26,,,0,100,,5787,26,,,0
700,'Saturday-01',642,,5877,43,,,0,100,,5878,43,,,0,70,,5879,43,,,0,30,,5880,43,,,0,70,,5881,43,,,0,30,,5882,43,,,0,70,,5883,43,,,0,30,,5884,43,,,0,70,,5885,43,,,0,30,,5886,43,,,0,70,,5887,43,,,0,30,,5888,43,,,0,70,,5889,43,,,0,30,,5890,43,,,0,70,,5891,43,,,0,30,,5892,43,,,0,70,,5893,43,,,0,30,,5894,43,,,0,70,,5895,43,,,0,30,,5896,43,,,0,70,,5897,43,,,0,30,,5898,43,,,0,70,,5899,43,,,0,45,,5900,43,,,0,85,,5901,43,,,0,70,,5902,43,,,0,100,,5903,43,,,0,100,,5904,43,,,0,100,,5905,43,,,0,100,,5906,43,,,0
700,'Sunday-01',842,,5917,43,,,0,70,,5918,43,,,0,30,,5919,43,,,0,70,,5920,43,,,0,30,,5921,43,,,0,70,,5922,43,,,0,30,,5923,43,,,0,70,,5924,43,,,0,30,,5925,43,,,0,70,,5926,43,,,0,30,,5916,43,,,0,70,,5912,43,,,0,30,,5907,43,,,0,70,,5908,43,,,0,30,,5909,43,,,0,70,,5910,43,,,0,30,,5911,43,,,0,70,,5913,43,,,0,30,,5914,43,,,0,70,,5915,43,,,0
700,'Weekday-01',612,,5927,43,,,0,30,,5928,43,,,0,15,,5929,43,0,7,0,55,,5930,43,,,0,15,,5931,43,,,0,15,,5932,43,,,0,15,,5933,43,,,0,55,,5934,43,,,0,15,,5935,43,,,0,15,,5936,43,,,0,15,,5937,43,,,0,55,,5938,43,,,0,30,,5939,43,,,0,70,,5940,43,,,0,30,,5941,43,,,0,70,,5942,43,,,0,30,,5943,43,,,0,70,,5944,43,,,0,30,,5945,43,,,0,70,,5946,43,,,0,30,,5947,43,,,0,70,,5948,43,,,0,30,,5949,43,,,0,65,,5950,43,,,0,30,,5951,43,,,0,70,,5952,43,,,0,30,,5953,43,,,0,70,,5954,43,,,0,30,,5955,43,,,0,75,,5956,43,,,0,45,,5957,43,,,0,85,,5958,43,,,0,70,,5959,43,,,0,100,,5960,43,,,0,100,,5961,43,,,0,100,,5962,43,,,0,100,,5963,43,,,0
900,'Saturday-01',628,,6175,42,,,0,30,,6176,42,,,0,70,,6177,42,,,0,30,,6178,42,,,0,70,,6179,42,,,0,30,,6180,42,,,0,70,,6181,42,,,0,30,,6182,42,,,0,70,,6183,42,,,0,30,,6184,42,,,0,70,,6185,42,,,0,30,,6186,42,,,0,70,,6187,42,,,0,30,,6188,42,,,0,70,,6189,42,,,0,30,,6190,42,,,0,70,,6191,42,,,0,30,,6192,42,,,0,70,,6193,42,,,0,30,,6194,42,,,0,70,,6195,42,,,0,30,,6196,42,,,0,85,,6197,42,,,0,70,,6198,42,,,0,30,,6199,42,,,0,85,,6200,42,,,0,30,,6202,42,,,0,85,,6203,42,,,0,100,,6204,42,,,0,100,,6205,42,,,0,100,,6201,42,,,0
900,'Sunday-01',758,,6225,42,,,0,70,,6227,42,,,0,30,,6215,42,,,0,70,,6214,42,,,0,30,,6216,42,,,0,70,,6209,42,,,0,30,,6217,42,,,0,70,,6210,42,,,0,30,,6218,42,,,0,70,,6211,42,,,0,30,,6219,42,,,0,70,,6212,42,,,0,30,,6220,42,,,0,70,,6213,42,,,0,30,,6221,42,,,0,70,,6206,42,,,0,30,,6222,42,,,0,70,,6207,42,,,0,30,,6223,42,,,0,70,,6208,42,,,0,30,,6224,42,,,0,70,,6226,42,,,0
900,'Weekday-01',558,,6228,42,,,0,70,,6229,42,,,0,25,,6230,42,,,0,70,,6231,42,,,0,30,,6232,42,,,0,70,,6233,42,,,0,30,,6234,42,,,0,75,,6235,42,,,0,30,,6236,42,,,0,70,,6237,42,,,0,30,,6238,42,,,0,70,,6239,42,,,0,30,,6240,42,,,0,70,,6241,42,,,0,30,,6242,42,,,0,70,,6243,42,,,0,30,,6244,42,,,0,70,,6245,42,,,0,30,,6246,42,,,0,55,,6247,42,,,0,15,,6248,42,,,0,15,,6249,42,,,0,15,,6250,42,,,0,70,,6251,42,,,0,15,,6252,42,,,0,15,,6253,42,,,0,55,,6254,42,,,0,30,,6255,42,,,0,70,,6256,42,,,0,30,,6257,42,,,0,85,,6258,42,,,0,30,,6259,42,,,0,85,,6260,42,,,0,100,,6261,42,,,0,100,,6262,42,,,0,100,,6263,42,,,0
1000,'Saturday-01',641,,6352,16,,,0,100,,6353,16,,,0,100,,6354,16,,,0,70,,6355,16,,,0,30,,6356,16,,,0,70,,6357,16,,,0,30,,6358,16,,,0,70,,6359,16,,,0,30,,6360,16,,,0,70,,6361,16,,,0,30,,6362,16,,,0,70,,6363,16,,,0,30,,6364,16,,,0,70,,6365,16,,,0,30,,6366,16,,,0,70,,6367,16,,,0,30,,6368,16,,,0,70,,6369,16,,,0,30,,6370,16,,,0,70,,6371,16,,,0,30,,6372,16,,,0,70,,6373,16,,,0,45,,6374,16,,,0,85,,6375,16,,,0,86,,6376,16,,,0,85,,6377,16,,,0,99,,6378,16,,,0
1000,'Sunday-01',826,,6379,16,,,0,100,,6380,16,,,0,100,,6381,16,,,0,100,,6382,16,,,0,100,,6383,16,,,0,100,,6384,16,,,0,100,,6385,16,,,0,100,,6386,16,,,0,100,,6387,16,,,0,100,,6388,16,,,0,100,,6389,16,,,0
1000,'Weekday-01',611,,6408,16,,,0,30,,6409,16,,,0,70,,6410,16,,,0,30,,6411,16,,,0,70,,6412,16,,,0,30,,6390,16,,,0,70,,6391,16,,,0,30,,6392,16,,,0,70,,6393,16,,,0,30,,6394,16,,,0,70,,6395,16,,,0,30,,6396,16,,,0,70,,6397,16,,,0,30,,6398,16,,,0,70,,6399,16,,,0,30,,6400,16,,,0,70,,6401,16,,,0,30,,6413,16,,,0,70,,6414,16,,,0,30,,6415,16,,,0,70,,6416,16,,,0,30,,6417,16,,,0,70,,6418,16,,,0,30,,6419,16,,,0,70,,6402,16,,,0,45,,6403,16,,,0,85,,6404,16,,,0,86,,6405,16,,,0,85,,6406,16,,,0,99,,6407,16,,,0
1500,'Saturday-01',856,,6636,20,,,0,90,,6637,20,,,0,90,,6638,20,,,0,90,,6639,20,,,0,90,,6640,20,,,0,90,,6641,20,,,0,50,,6642,20,,,0,90,,6643,20,,,0,90,,6644,20,,,0,90,,6645,20,,,0,90,,6646,20,,,0,90,,6635,20,,,0
1500,'Weekday-01',856,,6648,20,,,0,90,,6650,20,,,0,90,,6651,20,,,0,90,,6652,20,,,0,90,,6653,20,,,0,90,,6654,20,,,0,50,,6655,20,,,0,90,,6656,20,,,0,90,,6657,20,,,0,90,,6658,20,,,0,90,,6659,20,,,0,90,,6649,20,,,0
2401,'Weekday-01',614,,6993,16,,,0,20,,6994,16,,,0,20,,6995,16,,,0,60,,6996,16,,,0,20,,6997,16,,,0,20,,6998,16,,,0,60,,6999,16,,,0,20,,7000,16,,,0,20,,7001,16,,,0,60,,7002,16,,,0,720,,7003,16,,,0,80,,7004,16,,,0,40,,7005,16,,,0,80,,7006,16,,,0,80,,7007,16,,,0,40,,7008,16,,,0,80,,7009,16,,,0,80,,7010,16,,,0,20,,7011,16,,,0,20,,7012,16,,,0,60,,7013,16,,,0,20,,7014,16,,,0,20,,7015,16,,,0,60,,7016,16,,,0,20,,7017,16,,,0,20,,6992,16,,,0,60,,7018,16,,,0
4001,'Saturday-01',619,,7157,34,,,0,100,,7158,34,,,0,30,,7159,34,,,0,70,,7160,34,,,0,30,,7161,34,,,0,70,,7162,34,,,0,30,,7163,34,,,0,70,,7164,34,,,0,30,,7165,34,,,0,70,,7166,34,,,0,30,,7167,34,,,0,70,,7168,34,,,0,30,,7169,34,,,0,70,,7170,34,,,0,30,,7171,34,,,0,70,,7172,34,,,0,30,,7173,34,,,0,70,,7174,34,,,0,30,,7175,34,,,0,70,,7176,34,,,0,30,,7177,34,,,0,70,,7178,34,,,0,30,,7179,34,,,0,70,,7180,34,,,0,30,,7181,34,,,0,70,,7182,34,,,0,30,,7183,34,,,0,70,,7184,34,,,0,30,,7185,34,,,0,70,,7186,34,,,0,30,,7187,34,,,0,70,,7188,34,,,0,30,,7189,34,,,0,70,,7190,34,,,0,100,,7191,34,,,0
4001,'Sunday-01',819,,7193,34,,,0,30,,7194,34,,,0,70,,7195,34,,,0,30,,7196,34,,,0,70,,7197,34,,,0,30,,7198,34,,,0,70,,7199,34,,,0,30,,7200,34,,,0,70,,7201,34,,,0,30,,7202,34,,,0,70,,7203,34,,,0,30,,7204,34,,,0,70,,7205,34,,,0,30,,7206,34,,,0,70,,7207,34,,,0,30,,7208,34,,,0,70,,7209,34,,,0,30,,7210,34,,,0,70,,7211,34,,,0,30,,7212,34,,,0,70,,7213,34,,,0
4001,'Weekday-01',619,,7249,34,,,0,30,,7214,34,,,0,70,,7215,34,,,0,30,,7216,34,,,0,70,,7217,34,,,0,30,,7218,34,,,0,70,,7219,34,,,0,30,,7220,34,,,0,70,,7221,34,,,0,30,,7222,34,,,0,70,,7223,34,,,0,30,,7224,34,,,0,70,,7225,34,,,0,30,,7226,34,,,0,70,,7227,34,,,0,30,,7228,34,,,0,70,,7229,34,,,0,30,,7230,34,,,0,70,,7231,34,,,0,30,,7232,34,,,0,70,,7233,34,,,0,30,,7234,34,,,0,70,,7235,34,,,0,30,,7236,34,,,0,70,,7237,34,,,0,30,,7238,34,,,0,70,,7239,34,,,0,30,,7240,34,,,0,70,,7241,34,,,0,30,,7242,34,,,0,70,,7243,34,,,0,30,,7244,34,,,0,70,,7245,34,,,0,30,,7246,34,,,0,70,,7247,34,,,0,100,,7248,34,,,0
