300,'Saturday-01',657,,5453,50,,,0,70,,5436,50,,,0,30,,5437,50,,,0,70,,5438,50,,,0,30,,5439,50,,,0,70,,5440,50,,,0,30,,5441,50,,,0,70,,5442,50,,,0,30,,5443,50,,,0,70,,5454,50,,,0,30,,5444,50,,,0,70,,5455,50,,,0,30,,5456,50,,,0,70,,5457,50,,,0,30,,5458,50,,,0,70,,5445,50,,,0,30,,5446,50,,,0,70,,5459,50,,,0,30,,5447,50,,,0,70,,5448,50,,,0,30,,5449,50,,,0,70,,5450,50,,,0,30,,5460,50,,,0,73,,5461,50,,,0,70,,5451,50,,,0,30,,5462,50,,,0,70,,5452,50,,,0,30,,5463,50,,,0,25,,5467,50,4,,0,75,,5464,50,,,0,100,,5465,50,,,0,100,,5466,50,,,0,95,,5468,50,4,,0
300,'Sunday-01',840,,5469,50,,,0,70,,5470,50,,,0,30,,5471,50,,,0,70,,5472,50,,,0,30,,5473,50,,,0,70,,5474,50,,,0,30,,5475,50,,,0,70,,5476,50,,,0,30,,5477,50,,,0,70,,5478,50,,,0,30,,5479,50,,,0,70,,5480,50,,,0,30,,5481,50,,,0,70,,5482,50,,,0,30,,5483,50,,,0,70,,5484,50,,,0,30,,5485,50,,,0,70,,5486,50,,,0,30,,5487,50,,,0,70,,5488,50,,,0,30,,5489,50,,,0
300,'Weekday-01',626,,5490,50,,,0,30,,5491,50,,,0,55,,5492,50,,,0,15,,5493,50,,,0,15,,5494,50,,,0,15,,5495,50,,,0,55,,5496,50,,,0,15,,5497,50,,,0,15,,5498,50,,,0,15,,5499,50,,,0,70,,5500,50,,,0,30,,5501,50,,,0,70,,5502,50,,,0,30,,5503,50,,,0,70,,5504,50,,,0,30,,5505,50,,,0,70,,5506,50,,,0,30,,5507,50,,,0,70,,5508,50,,,0,30,,5509,50,,,0,70,,5510,50,,,0,30,,5511,50,,,0,70,,5512,50,,,0,30,,5513,50,,,0,55,,5514,50,,,0,15,,5515,50,,,0,15,,5516,50,,,0,15,,5517,50,,,0,55,,5518,50,,,0,19,,5519,50,,,0,70,,5520,50,,,0,30,,5521,50,,,0,70,,5522,50,,,0,30,,5523,50,,,0,70,,5524,50,,,0,30,,5525,50,,,0,70,,5530,50,,,0,28,,5529,50,,,0,102,,5526,50,,,0,100,,5527,50,,,0,95,,5528,50,4,,0
400,'Saturday-01',708,,5629,66,,,0,35,,5628,66,,,0,75,,5627,66,,,0,35,,5626,66,,,0,75,,5653,66,,,0,75,,5654,66,,,0,35,,5648,66,,,0,75,,5647,66,,,0,35,,5646,66,,,0,75,,5645,66,,,0,35,,5644,66,,,0,75,,5650,66,,,0,75,,5643,66,,,0,35,,5642,66,,,0,75,,5649,66,,,0,35,,5641,66,,,0,75,,5651,66,,,0,75,,5630,66,,,0,35,,5634,66,,,0,75,,5652,66,,,0,35,,5640,66,,,0,75,,5633,66,,,0,35,,5639,66,,,0,75,,5631,66,,,0,75,,5636,66,,,0,24,,5638,66,,,0,100,,5635,66,,,0,100,,5637,66,,,0,100,,5632,66,,,0
400,'Sunday-01',850,,5655,66,,,0,75,,5656,66,,,0,75,,5665,66,,,0,35,,5662,66,,,0,75,,5672,66,,,0,35,,5657,66,,,0,75,,5671,66,,,0,35,,5664,66,,,0,75,,5670,66,,,0,75,,5658,66,,,0,35,,5669,66,,,0,75,,5661,66,,,0,35,,5668,66,,,0,75,,5659,66,,,0,75,,5667,66,,,0,35,,5663,66,,,0,75,,5666,66,,,0,40,,5660,66,,,0
400,'Weekday-01',636,,5673,66,,,0,70,,5674,66,,,0,30,,5675,66,,,0,70,,5676,66,,,0,30,,5677,66,,,0,70,,5678,66,,,0,30,,5679,66,,,0,70,,5680,66,,,0,30,,5681,66,,,0,70,,5682,66,,,0,30,,5683,66,,,0,70,,5684,66,,,0,30,,5685,66,,,0,70,,5686,66,,,0,30,,5687,66,,,0,70,,5688,66,,,0,30,,5689,66,,,0,70,,5690,66,,,0,30,,5691,66,,,0,70,,5692,66,,,0,30,,5693,66,,,0,70,,5694,66,,,0,30,,5695,66,,,0,70,,5696,66,,,0,31,,5697,66,,,0,65,,5698,66,,,0,30,,5699,66,,,0,70,,5700,66,,,0,30,,5701,66,,,0,70,,5702,66,,,0,30,,5703,66,,,0,100,,5704,66,,,0,100,,5705,66,,,0,100,,5706,66,,,0
2100,'Weekday-01',742,,6863,29,4,,0,70,,6864,29,4,,0,30,,6865,29,4,,0,70,,6866,29,4,,0,30,,6867,29,4,,0,70,,6868,29,4,,0,30,,6879,29,4,,0,70,,6884,29,4,,0,30,,6880,29,4,,0,70,,6885,29,4,,0,30,,6881,29,4,,0,70,,6886,29,4,,0,30,,6882,29,4,,0,70,,6887,29,4,,0,30,,6883,29,4,,0,70,,6869,29,4,,0,30,,6870,29,4,,0,70,,6871,29,4,,0,30,,6872,29,4,,0,70,,6873,29,4,,0,30,,6874,29,4,,0,70,,6875,29,4,,0,30,,6876,29,4,,0
2101,'Weekday-01',747,,6889,1,,,0,70,,6890,1,,,0,30,,6891,1,,,0,70,,6892,1,,,0,30,,6903,1,,,0,70,,6908,1,,,0,30,,6904,1,,,0,70,,6909,1,,,0,30,,6905,1,,,0,70,,6910,1,,,0,30,,6906,1,,,0,70,,6911,1,,,0,30,,6907,1,,,0,70,,6893,1,,,0,30,,6894,1,,,0,70,,6895,1,,,0,30,,6896,1,,,0,70,,6897,1,,,0,30,,6898,1,,,0,70,,6899,1,,,0,30,,6900,1,,,0,70,,6901,1,,,0,30,,6888,1,,,0,353,,6902,1,,,0
2201,'Weekday-01',738,,6938,15,,,0,70,,6939,15,,,0,30,,6949,15,,,0,70,,6951,15,,,0,30,,6952,15,,,0,70,,6955,15,,,0,30,,6956,15,,,0,100,,6957,15,,,0,100,,6958,15,,,0,100,,6959,15,,,0,70,,6953,15,,,0,30,,6954,15,,,0,70,,6950,15,,,0,36,,6940,15,,,0,60,,6941,15,,,0,35,,6942,15,,,0,70,,6943,15,,,0,30,,6944,15,,,0,70,,6945,15,,,0,35,,6946,15,,,0,70,,6948,15,,,0,30,,6960,15,,,0,70,,6961,15,,,0,30,,6962,15,,,0,169,,6947,15,,,0
3000,'Weekday-01',706,,7025,12,,,0,30,,7019,12,,,0,70,,7026,12,,,0,30,,7027,12,,,0,70,,7028,12,,,0,30,,7029,12,,,0,70,,7020,12,,,0,30,,7021,12,,,0,70,,7030,12,,,0,34,,7031,12,,,0,70,,7032,12,,,0,30,,7033,12,,,0,72,,7034,12,,,0,30,,7022,12,,,0,70,,7035,12,,,0,30,,7036,12,,,0,70,,7037,12,,,0,30,,7038,12,,,0,70,,7023,12,,,0,30,,7024,12,,,0,70,,7039,12,,,0
