300,'Saturday-01',609,,5453,1,,,0,30,,5436,1,,,0,70,,5437,1,,,0,30,,5438,1,,,0,70,,5439,1,,,0,30,,5440,1,,,0,70,,5441,1,,,0,30,,5442,1,,,0,70,,5443,1,,,0,30,,5454,1,,,0,70,,5444,1,,,0,30,,5455,1,,,0,70,,5456,1,,,0,30,,5457,1,,,0,70,,5458,1,,,0,30,,5445,1,,,0,70,,5446,1,,,0,30,,5459,1,,,0,70,,5447,1,,,0,30,,5448,1,,,0,70,,5449,1,,,0,30,,5450,1,,,0,70,,5460,1,,,0,32,,5461,1,,,0,70,,5451,1,,,0,30,,5462,1,,,0,70,,5452,1,,,0,30,,5463,1,,,0,70,,5467,1,,,0,30,,5464,1,,,0,100,,5465,1,,,0,100,,5466,1,,,0,100,,5468,1,,,0
300,'Sunday-01',800,,5469,1,,,0,30,,5470,1,,,0,70,,5471,1,,,0,30,,5472,1,,,0,70,,5473,1,,,0,30,,5474,1,,,0,70,,5475,1,,,0,30,,5476,1,,,0,70,,5477,1,,,0,30,,5478,1,,,0,70,,5479,1,,,0,30,,5480,1,,,0,70,,5481,1,,,0,30,,5482,1,,,0,70,,5483,1,,,0,30,,5484,1,,,0,70,,5485,1,,,0,30,,5486,1,,,0,70,,5487,1,,,0,30,,5488,1,,,0,70,,5489,1,,,0
300,'Weekday-01',537,,5490,1,,,0,70,,5491,1,,,0,15,,5492,1,,,0,15,,5493,1,,,0,15,,5494,1,,,0,55,,5495,1,,,0,15,,5496,1,,,0,15,,5497,1,,,0,15,,5498,1,,,0,55,,5499,1,,,0,30,,5500,1,,,0,70,,5501,1,,,0,30,,5502,1,,,0,70,,5503,1,,,0,30,,5504,1,,,0,70,,5505,1,,,0,30,,5506,1,,,0,70,,5507,1,,,0,30,,5508,1,,,0,70,,5509,1,,,0,30,,5510,1,,,0,70,,5511,1,,,0,30,,5512,1,,,0,70,,5513,1,,,0,23,,5514,1,,,0,7,,5515,1,,,0,15,,5516,1,,,0,55,,5517,1,,,0,15,,5518,1,,,0,15,,5519,1,,,0,70,,5520,1,,,0,30,,5521,1,,,0,74,,5522,1,,,0,30,,5523,1,,,0,70,,5524,1,,,0,30,,5525,1,,,0,70,,5530,1,,,0,30,,5529,1,,,0,100,,5526,1,,,0,100,,5527,1,,,0,100,,5528,1,,,0
301,'Saturday-01',734,,5554,57,4,,0,70,,5531,57,4,,0,30,,5532,57,4,,0,70,,5533,57,4,,0,30,,5534,57,4,,0,70,,5535,57,4,,0,30,,5536,57,4,,0,70,,5537,57,4,,0,30,,5538,57,4,,0,70,,5555,57,4,,0,30,,5539,57,4,,0,70,,5556,57,4,,0,30,,5557,57,4,,0,70,,5558,57,4,,0,30,,5559,57,4,,0,70,,5540,57,4,,0,30,,5541,57,4,,0,70,,5560,57,4,,0,30,,5542,57,4,,0,70,,5543,57,4,,0,32,,5544,57,4,,0,70,,5545,57,4,,0,30,,5561,57,4,,0,70,,5562,57,4,,0,30,,5546,56,4,,0,70,,5547,56,4,,0,30,,5548,56,4,,0,70,,5549,56,4,,0,30,,5550,56,4,,0,100,,5551,56,4,,0,100,,5552,56,4,,0,100,,5553,56,4,,0
301,'Sunday-01',855,,5563,57,4,,0,70,,5574,57,4,,0,30,,5575,57,4,,0,70,,5576,57,4,,0,30,,5577,57,4,,0,70,,5578,57,4,,0,30,,5579,57,4,,0,70,,5580,57,4,,0,30,,5581,57,4,,0,70,,5582,57,4,,0,30,,5583,57,4,,0,70,,5564,57,4,,0,30,,5565,57,4,,0,70,,5566,57,4,,0,30,,5567,57,4,,0,70,,5568,57,4,,0,30,,5569,57,4,,0,70,,5570,57,4,,0,30,,5571,57,4,,0,70,,5572,57,4,,0,30,,5573,57,4,,0
301,'Weekday-01',632,,5584,57,4,,0,70,,5585,57,4,,0,30,,5586,57,4,,0,15,,5587,57,4,,0,55,,5588,57,4,,0,15,,5589,57,4,,0,15,,5590,57,4,,0,15,,5591,57,4,,0,55,,5592,57,4,,0,30,,5593,57,4,,0,70,,5594,57,4,,0,30,,5595,57,4,,0,70,,5596,57,4,,0,30,,5597,57,4,,0,70,,5598,57,4,,0,30,,5599,57,4,,0,70,,5600,57,4,,0,30,,5601,57,4,,0,70,,5602,57,4,,0,30,,5603,57,4,,0,70,,5604,57,4,,0,30,,5605,57,4,,0,15,,5606,57,4,,0,55,,5607,57,4,,0,15,,5608,57,4,,0,15,,5609,57,4,,0,70,,5610,57,4,,0,15,,5611,57,4,,0,15,,5612,57,4,,0,15,,5613,57,4,,0,59,,5614,57,4,,0,30,,5615,56,4,,0,70,,5616,56,4,,0,30,,5617,56,4,,0,70,,5618,56,4,,0,30,,5619,56,4,,0,70,,5620,56,4,,0,30,,5621,56,4,,0,70,,5625,56,4,,0,30,,5624,57,4,,0,100,,5622,56,4,,0,100,,5623,56,4,,0
1600,'Weekday-01',605,,6661,20,,,0,30,,6662,26,,,0,70,,6663,26,,,0,30,,6664,26,,,0,70,,6665,26,,,0,30,,6666,26,,,0,70,,6667,26,,,0,604,,6676,14,,,0,30,,6668,26,,,0,70,,6669,26,,,0,30,,6670,26,,,0,70,,6671,26,,,0,30,,6672,26,,,0,70,,6673,26,,,0
1700,'Weekday-01',624,,6677,24,,,0,30,,6678,31,,,0,70,,6679,31,,,0,30,,6680,31,,,0,77,,6699,31,,,0,23,,6700,31,,,0,70,,6685,34,,,0,30,,6686,34,,,0,70,,6687,34,,,0,30,,6688,34,,,0,70,,6689,34,,,0,30,,6690,34,,,0,70,,6691,34,,,0,30,,6692,34,,,0,70,,6693,34,,,0,30,,6694,34,,,0,70,,6695,34,,,0,30,,6702,34,,,0,70,,6681,31,,,0,30,,6682,31,,,0,70,,6683,31,,,0,30,,6684,31,,,0,70,,6701,31,,,0,30,,6696,34,,,0,70,,6697,34,,,0
3000,'Weekday-01',626,,7025,1,,,0,30,,7019,1,,,0,70,,7026,1,,,0,30,,7027,1,,,0,70,,7028,1,,,0,30,,7029,1,,,0,70,,7020,1,,,0,30,,7021,1,,,0,70,,7030,1,,,0,30,,7031,1,,,0,70,,7032,1,,,0,30,,7033,1,,,0,78,,7034,1,,,0,70,,7022,1,,,0,30,,7035,1,,,0,70,,7036,1,,,0,30,,7037,1,,,0,70,,7038,1,,,0,30,,7023,1,,,0,70,,7024,1,,,0,30,,7039,1,,,0
3001,'Weekday-01',751,,7046,14,4,,0,70,,7040,14,4,,0,30,,7047,14,4,,0,70,,7048,14,4,,0,30,,7049,14,4,,0,70,,7050,14,4,,0,30,,7041,14,4,,0,70,,7042,14,4,,0,30,,7051,14,4,,0,78,,7052,14,4,,0,30,,7053,14,4,,0,70,,7054,14,4,,0,30,,7055,14,4,,0,70,,7043,14,4,,0,30,,7056,14,4,,0,70,,7057,14,4,,0,30,,7058,14,4,,0,70,,7059,14,4,,0,30,,7044,14,4,,0,70,,7045,14,4,,0,30,,7060,14,4,,0
